id	start_time	duration	norm_pos_x	norm_pos_y
11	-0.200	0.400	0.615	0.653
12	0.232	0.268	0.572	0.583
13	0.532	0.168	0.619	0.592
14	0.900	0.200	0.565	0.632
15	1.132	0.268	0.439	0.615
16	1.564	0.168	0.555	0.662
17	1.800	0.464	0.624	0.652
18	2.300	0.232	0.604	0.631
19	2.564	0.180	0.622	0.663
20	2.800	0.200	0.457	0.628
21	3.032	0.300	0.578	0.643
22	3.400	0.696	0.630	0.626
23	4.432	0.232	0.612	0.644
24	4.696	3.168	0.688	0.621
25	8.164	2.168	0.351	0.585
26	10.532	0.332	0.324	0.612
27	10.932	4.064	0.686	0.591
28	15.032	1.132	0.706	0.602
29	16.196	0.600	0.676	0.604
30	17.832	1.864	0.715	0.513
31	19.732	0.600	0.747	0.513
32	20.596	2.436	0.723	0.542
33	23.232	1.332	0.712	0.554
34	24.596	1.368	0.723	0.516
35	26.032	1.164	0.428	0.492
36	27.232	0.200	0.385	0.491
37	27.464	2.332	0.395	0.498
38	29.932	0.764	0.704	0.505
39	30.764	0.232	0.449	0.510
40	31.032	1.496	0.402	0.519
41	32.764	1.300	0.390	0.521
42	34.096	1.000	0.398	0.487
43	35.164	3.200	0.740	0.532
44	38.396	0.300	0.697	0.524
45	38.728	0.868	0.745	0.524
46	39.796	2.100	0.722	0.525
47	42.164	0.332	0.391	0.509
48	42.696	1.900	0.385	0.537
49	44.628	0.768	0.379	0.494
50	45.628	0.368	0.645	0.566
51	46.028	2.836	0.711	0.540
52	49.096	0.368	0.626	0.510
53	49.496	1.268	0.689	0.496
54	50.964	0.341	0.687	0.538
55	51.328	2.500	0.401	0.492
56	53.964	0.200	0.660	0.448
57	54.328	1.036	0.421	0.482
58	55.428	2.700	0.702	0.509
59	58.364	2.296	0.688	0.487
60	60.696	2.532	0.683	0.471
61	63.260	0.736	0.686	0.442
62	64.060	0.836	0.413	0.456
63	65.096	0.764	0.366	0.495
64	66.096	0.664	0.328	0.487
65	66.796	1.500	0.666	0.493
66	68.460	0.336	0.645	0.520
67	68.828	1.432	0.727	0.517
68	70.296	0.164	0.694	0.505
69	70.496	0.600	0.703	0.527
70	71.128	0.232	0.758	0.539
71	71.560	0.536	0.732	0.560
72	72.128	0.468	0.697	0.464
73	72.628	0.668	0.734	0.526
74	73.328	0.268	0.696	0.460
75	73.760	0.568	0.718	0.582
76	74.360	0.300	0.652	0.540
77	74.728	0.800	0.700	0.515
78	75.596	0.364	0.518	0.470
79	76.028	0.900	0.382	0.468
80	77.128	1.668	0.362	0.484
81	79.028	0.200	0.374	0.486
82	79.460	0.668	0.366	0.522
83	80.196	0.500	0.674	0.534
84	80.796	0.400	0.723	0.535
85	81.228	3.032	0.701	0.515
86	84.296	0.164	0.486	0.475
87	84.628	1.232	0.719	0.486
88	85.896	0.164	0.681	0.505
89	86.096	0.932	0.711	0.515
90	87.060	0.168	0.683	0.513
91	87.260	1.200	0.712	0.523
92	88.628	1.664	0.703	0.520
93	90.328	1.032	0.671	0.491
94	91.392	2.836	0.690	0.509
95	94.460	0.568	0.681	0.512
96	95.060	0.968	0.439	0.506
97	96.228	2.932	0.404	0.498
98	99.192	0.268	0.478	0.468
99	99.560	0.368	0.420	0.497
100	99.992	1.036	0.688	0.515
101	101.060	1.300	0.694	0.479
102	102.492	2.300	0.728	0.536
103	104.828	0.964	0.666	0.505
104	105.828	0.464	0.713	0.468
105	106.460	0.532	0.666	0.481
106	107.060	1.600	0.390	0.469
107	108.860	0.968	0.365	0.511
108	109.992	0.236	0.331	0.529
109	110.660	0.332	0.389	0.494
110	111.160	0.300	0.555	0.519
111	111.492	0.700	0.400	0.494
112	112.328	0.332	0.718	0.527
113	112.692	0.300	0.711	0.529
114	113.028	0.532	0.707	0.497
115	113.728	1.032	0.694	0.502
116	114.792	0.336	0.771	0.480
117	115.160	0.800	0.700	0.546
118	116.028	0.232	0.751	0.514
119	116.460	0.732	0.689	0.549
120	117.224	1.568	0.717	0.515
121	118.824	1.036	0.705	0.518
122	119.892	1.732	0.708	0.497
123	121.824	0.168	0.711	0.486
124	122.024	0.636	0.726	0.507
125	122.860	0.300	0.699	0.560
126	123.192	0.332	0.764	0.490
127	123.724	0.500	0.728	0.543
128	124.260	0.532	0.681	0.527
129	124.824	0.336	0.758	0.466
130	125.324	0.668	0.734	0.491
131	126.060	0.864	0.410	0.504
132	127.124	1.400	0.391	0.518
133	128.660	0.200	0.589	0.499
134	128.892	0.668	0.421	0.484
135	129.592	0.268	0.379	0.479
136	129.892	0.332	0.392	0.472
137	130.524	0.436	0.387	0.514
138	130.992	0.632	0.722	0.532
139	131.660	0.164	0.693	0.509
140	131.860	0.764	0.718	0.510
141	132.660	0.364	0.691	0.505
142	133.060	3.600	0.714	0.499
143	136.724	0.468	0.445	0.497
144	137.224	1.300	0.375	0.436
145	138.792	0.400	0.357	0.455
146	139.260	0.364	0.604	0.432
147	139.660	0.164	0.659	0.450
148	140.024	0.968	0.381	0.502
149	141.024	0.936	0.655	0.484
150	142.060	0.432	0.426	0.488
151	142.560	0.664	0.700	0.517
152	143.292	0.732	0.409	0.528
153	144.092	0.632	0.690	0.539
154	144.760	0.164	0.437	0.508
155	145.092	0.200	0.624	0.558
156	145.324	0.332	0.691	0.538
157	145.692	0.300	0.496	0.529
158	146.056	0.768	0.685	0.528
159	147.056	0.400	0.646	0.514
160	147.492	0.900	0.711	0.536
161	148.724	0.868	0.680	0.470
162	149.624	0.468	0.763	0.468
163	150.124	0.568	0.717	0.467
164	150.892	0.900	0.675	0.510
165	151.824	0.268	0.586	0.471
166	152.156	0.600	0.400	0.482
167	152.924	0.568	0.372	0.503
168	153.524	0.232	0.367	0.497
169	153.792	0.464	0.390	0.502
170	154.492	0.500	0.355	0.514
171	155.024	0.200	0.405	0.500
172	155.324	0.168	0.671	0.502
173	155.692	0.164	0.604	0.551
174	155.924	0.168	0.406	0.506
175	156.124	2.200	0.703	0.531
176	158.525	1.031	0.673	0.533
177	159.624	0.632	0.754	0.491
178	160.456	0.936	0.689	0.481
179	161.456	0.500	0.409	0.498
180	162.124	0.432	0.389	0.529
181	162.592	0.300	0.522	0.532
182	162.956	1.368	0.410	0.523
183	164.356	0.368	0.452	0.549
184	164.792	0.464	0.663	0.531
185	165.456	0.736	0.546	0.536
186	166.392	0.300	0.485	0.558
187	166.724	0.500	0.396	0.527
188	167.424	1.068	0.374	0.533
189	168.524	0.200	0.663	0.474
190	168.756	0.268	0.675	0.475
191	169.224	0.300	0.362	0.518
192	169.624	1.100	0.649	0.492
193	170.756	0.900	0.726	0.508
194	171.824	0.732	0.382	0.545
195	172.592	0.264	0.435	0.535
196	172.892	0.632	0.685	0.538
197	173.792	0.364	0.411	0.531
198	174.188	0.736	0.698	0.551
199	174.956	2.200	0.690	0.526
200	177.188	0.868	0.746	0.537
201	178.261	0.795	0.699	0.529
202	179.088	0.368	0.748	0.515
203	179.488	0.400	0.702	0.497
204	180.056	0.968	0.683	0.521
205	181.056	0.300	0.673	0.523
206	181.388	0.268	0.685	0.532
207	182.124	2.232	0.390	0.548
208	184.388	0.268	0.521	0.543
209	184.688	0.200	0.431	0.538
210	185.056	0.732	0.387	0.545
211	185.888	0.300	0.535	0.519
212	186.224	0.232	0.412	0.500
213	186.656	0.268	0.386	0.532
214	186.956	0.368	0.352	0.450
215	187.488	0.468	0.349	0.530
216	188.088	0.300	0.655	0.530
217	188.424	2.000	0.703	0.526
218	190.456	0.868	0.726	0.531
219	191.788	0.700	0.698	0.496
220	192.756	0.368	0.584	0.511
221	193.388	0.236	0.533	0.525
222	193.656	0.400	0.465	0.505
223	194.424	7.564	0.394	0.520
224	202.088	0.432	0.710	0.529
225	202.556	0.564	0.757	0.537
226	203.388	1.332	0.718	0.475
227	204.888	0.832	0.716	0.505
228	205.920	0.568	0.697	0.530
229	206.520	0.200	0.685	0.515
230	206.756	0.464	0.724	0.535
231	207.256	0.232	0.651	0.519
232	207.788	0.300	0.721	0.535
233	208.420	1.436	0.374	0.547
234	209.888	1.168	0.402	0.472
235	211.220	0.668	0.388	0.475
236	211.956	0.900	0.725	0.498
237	213.056	0.232	0.359	0.532
238	213.356	2.432	0.724	0.531
239	215.820	0.200	0.775	0.503
240	216.220	0.800	0.727	0.525
241	217.056	1.032	0.734	0.512
242	218.120	2.200	0.725	0.517
243	220.356	1.564	0.722	0.469
244	222.156	0.200	0.652	0.490
245	222.456	0.464	0.696	0.492
246	222.988	0.232	0.422	0.488
247	223.456	0.332	0.616	0.548
248	223.888	0.232	0.670	0.514
249	224.188	0.268	0.450	0.512
250	224.656	0.300	0.425	0.557
251	224.988	1.000	0.683	0.523
252	226.056	1.032	0.418	0.522
253	227.120	0.836	0.366	0.465
254	228.288	0.232	0.404	0.495
255	228.588	0.968	0.667	0.512
256	229.620	0.300	0.390	0.491
257	230.220	0.336	0.675	0.541
258	230.620	0.232	0.431	0.485
259	230.988	0.300	0.686	0.513
260	231.320	0.232	0.730	0.506
261	231.788	1.200	0.716	0.500
262	233.320	1.432	0.689	0.503
263	234.788	1.064	0.729	0.500
264	236.052	4.400	0.720	0.520
265	240.488	0.600	0.740	0.424
266	241.120	0.332	0.695	0.481
267	241.652	1.168	0.667	0.448
268	242.920	0.500	0.697	0.490
269	243.620	0.568	0.691	0.526
270	244.220	0.532	0.400	0.507
271	244.920	1.532	0.380	0.530
272	246.552	0.600	0.434	0.419
273	247.588	0.564	0.401	0.444
274	248.220	0.200	0.719	0.406
275	248.452	0.200	0.370	0.441
276	248.820	2.868	0.371	0.508
277	251.752	1.400	0.705	0.509
278	253.188	0.432	0.719	0.493
279	253.652	0.868	0.673	0.481
280	254.920	2.832	0.691	0.504
281	257.788	0.764	0.742	0.516
282	258.588	0.432	0.701	0.478
283	259.052	0.200	0.675	0.470
284	259.284	0.736	0.695	0.505
285	260.120	1.400	0.395	0.485
286	261.552	2.468	0.367	0.466
287	264.084	2.436	0.700	0.463
288	266.720	1.332	0.687	0.517
289	268.084	0.300	0.672	0.522
290	268.420	1.932	0.715	0.500
291	270.384	1.136	0.715	0.488
292	271.752	0.632	0.361	0.550
293	272.420	3.700	0.361	0.484
294	276.152	0.168	0.401	0.470
295	276.520	2.000	0.369	0.520
296	278.684	0.300	0.353	0.566
297	279.020	0.300	0.375	0.465
298	279.520	2.464	0.372	0.498
299	282.020	0.264	0.626	0.518
300	282.320	1.400	0.736	0.502
301	283.752	0.768	0.703	0.506
302	284.552	0.268	0.695	0.497
303	284.852	0.600	0.697	0.506
304	285.484	1.200	0.717	0.557
305	286.720	2.064	0.722	0.515
306	288.816	0.400	0.678	0.510
307	289.416	0.936	0.702	0.509
308	290.384	1.068	0.694	0.506
309	291.484	1.368	0.708	0.543
310	292.884	0.500	0.757	0.527
311	293.416	0.600	0.730	0.514
312	294.052	0.300	0.396	0.476
313	294.652	1.432	0.409	0.524
314	296.116	0.536	0.356	0.473
315	296.684	3.400	0.374	0.471
316	300.152	0.732	0.704	0.537
317	300.984	0.200	0.738	0.553
318	301.516	0.868	0.712	0.529
319	302.416	0.268	0.725	0.478
320	302.884	1.200	0.713	0.478
321	304.116	0.668	0.557	0.512
322	304.952	2.564	0.576	0.548
323	307.552	0.600	0.560	0.558
