id	start_time	duration	norm_pos_x	norm_pos_y
0	0.000	0.536	0.500	0.384
1	0.568	0.432	0.387	0.394
2	1.036	0.464	0.573	0.519
3	1.736	0.232	0.531	0.429
4	2.000	0.336	0.537	0.444
5	2.368	0.400	0.562	0.420
6	3.036	0.732	0.576	0.386
7	3.800	0.336	0.486	0.379
8	5.668	1.268	3.371	0.812
10	12.036	0.264	0.622	0.338
11	18.868	0.500	0.541	0.475
12	20.000	0.568	0.663	0.498
13	20.600	0.200	0.646	0.503
14	20.836	0.732	0.564	0.466
15	21.600	0.400	0.585	0.466
16	22.036	0.832	0.605	0.427
17	22.900	0.968	0.609	0.389
18	23.900	0.968	0.601	0.407
19	24.900	1.868	0.566	0.385
20	26.800	1.132	0.544	0.446
21	27.968	2.700	0.571	0.464
22	30.700	0.768	0.539	0.407
23	31.668	1.800	0.515	0.429
24	33.500	0.300	0.448	0.408
25	33.832	0.336	0.560	0.411
26	34.200	0.232	0.509	0.403
27	34.468	0.364	0.660	0.421
28	34.868	0.400	0.341	0.368
29	35.300	0.600	0.622	0.381
30	35.968	1.932	0.365	0.386
31	37.932	1.336	0.621	0.410
32	39.300	0.368	0.559	0.436
33	39.700	1.368	0.617	0.450
34	41.132	0.768	0.328	0.410
35	42.000	0.368	0.593	0.442
36	42.400	0.468	0.336	0.421
37	42.900	1.868	0.332	0.414
38	44.832	0.336	0.607	0.449
39	45.200	0.568	0.322	0.415
40	45.832	1.668	0.605	0.460
41	47.568	0.632	0.335	0.426
42	48.268	0.432	0.610	0.442
43	48.732	0.268	0.359	0.417
44	49.068	0.600	0.595	0.431
45	49.732	1.036	0.336	0.419
46	50.800	0.168	0.584	0.442
47	51.000	0.800	0.598	0.464
48	51.868	0.464	0.291	0.429
49	52.368	0.400	0.557	0.445
50	52.800	1.332	0.312	0.428
51	54.200	1.032	0.560	0.463
52	55.264	3.300	0.323	0.435
53	58.632	1.068	0.593	0.483
54	59.764	0.300	0.296	0.444
55	60.132	1.668	0.590	0.495
56	61.832	0.300	0.641	0.515
57	62.164	0.236	0.576	0.515
58	62.464	2.368	0.313	0.397
59	64.864	0.168	0.288	0.443
60	65.100	1.132	0.563	0.436
61	66.300	1.332	0.292	0.429
62	67.832	1.332	0.543	0.495
63	69.200	0.264	0.630	0.397
64	69.500	0.332	0.536	0.494
65	69.864	2.768	0.296	0.449
66	72.664	4.636	0.268	0.348
67	77.332	1.132	0.562	0.384
68	78.532	5.368	0.278	0.361
69	83.932	0.864	0.244	0.315
70	84.832	1.200	0.271	0.380
71	86.096	1.136	0.574	0.436
72	87.264	0.432	0.577	0.340
73	87.732	3.200	0.518	0.370
74	90.964	1.400	0.580	0.397
75	92.432	1.732	0.258	0.393
76	94.232	3.264	0.593	0.412
77	97.532	0.300	0.548	0.456
78	97.864	0.868	0.312	0.409
79	98.796	0.836	0.559	0.422
80	99.696	2.800	0.283	0.450
81	102.732	0.200	0.274	0.397
82	102.964	0.668	0.273	0.492
83	103.664	1.100	0.559	0.440
84	104.864	3.168	0.299	0.448
85	108.064	1.200	0.239	0.459
86	109.332	2.364	0.572	0.471
87	111.732	0.364	0.622	0.441
88	112.132	0.632	0.570	0.478
89	112.796	0.332	0.524	0.456
90	113.164	2.132	0.588	0.459
91	115.328	0.436	0.528	0.454
92	115.796	0.268	0.586	0.466
93	116.128	1.268	0.279	0.445
94	117.428	0.336	0.258	0.498
95	117.796	0.168	0.271	0.446
96	117.996	0.232	0.235	0.568
97	118.264	0.832	0.261	0.509
98	119.164	2.764	0.567	0.477
99	122.064	2.032	0.579	0.528
100	124.128	0.300	0.613	0.464
101	124.464	0.332	0.565	0.541
102	124.828	1.036	0.632	0.576
103	125.896	0.468	0.577	0.545
104	126.396	0.268	0.577	0.472
105	126.696	0.532	0.569	0.557
106	127.264	1.300	0.277	0.539
107	128.596	0.268	0.580	0.540
108	128.896	0.200	0.591	0.553
109	129.164	0.700	0.279	0.490
110	129.928	0.200	0.209	0.667
111	130.164	0.864	0.263	0.562
112	131.096	1.168	0.574	0.515
113	132.296	0.468	0.253	0.494
114	132.796	0.668	0.248	0.527
115	133.496	0.468	0.560	0.495
116	134.096	2.400	0.271	0.481
117	136.528	2.400	0.262	0.519
118	138.996	0.300	0.575	0.514
119	139.564	0.532	0.254	0.510
120	140.264	2.132	0.583	0.513
121	142.428	1.968	0.524	0.506
122	144.460	1.836	0.260	0.500
123	146.360	2.836	0.530	0.530
124	149.228	1.568	0.247	0.472
125	150.828	0.200	0.291	0.498
126	151.096	0.300	0.575	0.519
127	151.460	1.100	0.277	0.512
128	152.596	1.632	0.264	0.511
129	154.296	0.464	0.533	0.571
130	154.828	0.300	0.295	0.530
131	155.160	1.400	0.250	0.548
132	156.596	0.364	0.293	0.501
133	156.996	2.100	0.252	0.531
134	159.196	0.300	0.567	0.498
135	159.528	2.732	0.566	0.549
136	162.296	0.932	0.277	0.556
137	163.396	1.732	0.554	0.564
138	165.160	6.132	0.314	0.537
139	171.360	0.768	0.530	0.551
140	172.160	0.332	0.558	0.574
141	172.892	0.300	0.710	0.637
142	173.228	1.964	0.743	0.566
143	175.292	3.100	0.401	0.466
144	178.428	0.164	0.380	0.398
145	178.628	0.564	0.685	0.472
146	179.360	2.768	0.343	0.461
147	182.160	1.932	0.328	0.514
148	184.160	2.800	0.666	0.506
149	187.028	2.264	0.336	0.510
150	189.328	1.300	0.624	0.531
151	190.692	7.568	0.320	0.538
152	198.292	0.868	0.630	0.567
153	199.260	1.900	0.330	0.554
154	201.192	0.368	0.616	0.571
155	201.624	1.100	0.331	0.543
156	202.824	0.536	0.483	0.574
157	203.392	5.332	0.632	0.577
158	208.792	1.932	0.281	0.536
159	210.760	1.000	0.328	0.524
160	211.824	1.236	0.644	0.532
161	213.124	8.600	0.317	0.519
162	221.792	2.768	0.612	0.529
163	224.592	0.568	0.571	0.608
164	225.192	0.800	0.599	0.568
165	226.024	0.336	0.624	0.519
166	226.392	2.332	0.590	0.549
167	228.792	2.600	0.292	0.535
168	231.456	0.668	0.596	0.537
169	232.192	0.332	0.294	0.488
170	232.556	0.300	0.491	0.576
171	232.892	0.364	0.298	0.500
172	233.292	0.364	0.526	0.522
173	233.692	0.200	0.582	0.556
174	233.924	0.600	0.290	0.497
175	234.556	3.268	0.272	0.533
176	237.856	0.536	0.279	0.471
177	238.424	0.732	0.279	0.543
178	239.192	0.164	0.284	0.468
179	239.424	1.032	0.599	0.527
180	240.560	1.096	0.253	0.503
181	241.692	0.464	0.337	0.563
182	242.224	1.432	0.625	0.500
183	243.692	0.300	0.575	0.581
184	244.024	1.532	0.278	0.499
185	245.624	0.232	0.579	0.516
186	245.892	0.664	0.270	0.518
187	246.592	0.332	0.276	0.520
188	246.956	0.268	0.332	0.540
189	247.256	1.968	0.270	0.510
190	250.092	0.400	0.290	0.556
191	250.524	0.668	0.325	0.418
192	251.292	1.300	0.609	0.434
193	252.624	0.568	0.542	0.470
194	253.224	0.232	0.598	0.486
195	253.556	0.568	0.269	0.456
196	254.156	0.400	0.539	0.457
197	254.592	0.432	0.470	0.484
198	255.056	1.836	0.531	0.478
199	256.956	0.200	0.368	0.471
200	257.188	0.436	0.245	0.458
201	257.688	0.936	0.561	0.513
202	258.856	0.300	0.507	0.596
203	259.256	3.168	0.246	0.498
204	262.488	0.936	0.518	0.492
205	263.656	1.200	0.206	0.515
206	264.888	1.436	0.225	0.499
207	266.388	1.036	0.581	0.486
208	267.488	0.336	0.241	0.465
209	267.856	0.300	0.284	0.509
210	268.224	1.400	0.548	0.521
211	269.656	0.232	0.524	0.551
212	272.024	0.332	0.393	0.412
213	276.956	1.768	0.353	0.331
214	279.824	0.764	0.730	0.529
215	280.688	0.236	0.730	0.469
216	281.788	0.200	0.691	0.538
217	282.956	1.432	0.351	0.518
218	284.424	0.600	0.382	0.502
219	285.056	0.900	0.365	0.529
220	286.120	1.068	0.714	0.533
221	287.220	1.968	0.356	0.502
222	289.256	1.564	0.706	0.508
223	290.888	0.200	0.375	0.468
224	291.120	0.568	0.415	0.424
225	291.720	0.368	0.394	0.491
226	295.588	0.368	0.511	0.491
227	296.320	0.168	0.523	0.514
228	297.288	0.300	0.941	0.455
229	297.620	0.368	0.945	0.309
230	298.288	0.200	0.906	0.389
231	298.620	0.200	0.863	0.257
232	298.856	0.564	0.834	0.364
233	299.456	0.164	0.507	0.280
234	299.656	0.564	0.479	0.272
235	300.256	2.332	0.395	0.242
236	302.620	0.836	0.540	0.249
237	303.488	0.832	0.368	0.298
238	304.388	1.332	0.721	0.315
239	305.756	0.564	0.663	0.313
240	306.356	5.364	0.622	0.400
241	311.756	1.500	0.325	0.396
242	313.288	7.964	0.302	0.386
243	321.288	2.832	0.657	0.386
244	324.152	1.368	0.630	0.431
245	325.552	0.868	0.671	0.514
246	326.452	0.468	0.706	0.448
247	327.152	2.168	0.298	0.309
248	329.352	2.536	0.291	0.425
249	331.952	2.268	0.590	0.416
250	334.252	2.136	0.448	0.490
251	336.420	0.468	0.486	0.521
