time	x_norm	y_norm
-0.015	0.607	0.584
0.021	0.603	0.591
0.061	0.604	0.590
0.099	0.603	0.591
0.140	0.608	0.587
0.173	0.603	0.593
0.208	0.602	0.591
0.245	0.602	0.595
0.270	0.601	0.594
0.295	0.604	0.588
0.322	0.599	0.593
0.353	0.598	0.592
0.389	0.601	0.585
0.426	0.595	0.589
0.467	0.595	0.588
0.504	0.596	0.587
0.541	0.594	0.585
0.572	0.595	0.586
0.604	0.595	0.586
0.645	0.588	0.582
0.667	0.526	0.614
0.789	0.446	0.641
0.824	0.454	0.624
0.864	0.463	0.615
0.898	0.470	0.606
0.932	0.476	0.595
0.965	0.482	0.592
1.001	0.486	0.589
1.040	0.488	0.583
1.071	0.491	0.582
1.102	0.494	0.582
1.139	0.496	0.579
1.171	0.497	0.580
1.203	0.497	0.581
1.228	0.498	0.582
1.261	0.499	0.584
1.293	0.500	0.584
1.327	0.500	0.584
1.364	0.501	0.584
1.403	0.501	0.585
1.428	0.501	0.589
1.454	0.505	0.585
1.489	0.500	0.586
1.521	0.500	0.585
1.559	0.500	0.584
1.592	0.498	0.581
1.622	0.498	0.578
1.657	0.498	0.577
1.692	0.500	0.577
1.732	0.533	0.582
1.767	0.521	0.586
1.794	0.516	0.588
1.821	0.520	0.582
1.853	0.516	0.589
1.896	0.518	0.590
1.931	0.517	0.589
1.972	0.495	0.579
1.998	0.497	0.572
2.021	0.499	0.574
2.053	0.499	0.575
2.094	0.503	0.571
2.135	0.499	0.575
2.173	0.499	0.572
2.196	0.530	0.578
2.225	0.634	0.578
2.270	0.639	0.566
2.301	0.643	0.567
2.343	0.639	0.576
2.367	0.641	0.577
2.394	0.639	0.578
2.421	0.620	0.572
2.857	0.547	0.579
2.906	0.555	0.570
2.930	0.556	0.565
2.957	0.550	0.572
2.992	0.552	0.573
3.026	0.557	0.567
3.071	0.560	0.569
3.104	0.555	0.571
3.142	0.556	0.569
3.179	0.558	0.567
3.179	0.557	0.565
3.221	0.557	0.563
3.286	0.563	0.559
3.286	0.561	0.559
3.323	0.556	0.564
3.363	0.555	0.561
3.398	0.555	0.560
3.438	0.556	0.561
3.473	0.555	0.560
3.511	0.558	0.556
3.536	0.553	0.556
3.561	0.554	0.559
3.589	0.555	0.558
3.632	0.555	0.555
3.660	0.558	0.551
3.689	0.559	0.551
3.727	0.555	0.554
3.763	0.553	0.555
3.801	0.552	0.554
3.840	0.553	0.571
3.863	0.554	0.575
3.891	0.553	0.573
3.921	0.552	0.574
3.959	0.551	0.573
4.002	0.554	0.570
4.026	0.549	0.574
4.064	0.550	0.571
4.098	0.551	0.570
4.131	0.549	0.569
4.174	0.550	0.568
4.174	0.549	0.567
4.236	0.550	0.567
4.299	0.549	0.567
4.299	0.550	0.567
4.357	0.551	0.567
4.357	0.550	0.566
4.417	0.549	0.566
4.417	0.548	0.565
4.487	0.550	0.567
4.487	0.550	0.566
4.545	0.549	0.571
4.545	0.548	0.569
4.613	0.545	0.574
4.613	0.546	0.574
4.667	0.548	0.572
4.694	0.548	0.571
4.722	0.547	0.572
4.768	0.547	0.571
4.796	0.547	0.566
4.823	0.545	0.566
4.853	0.545	0.565
4.900	0.548	0.558
4.934	0.587	0.568
4.965	0.589	0.562
5.000	0.591	0.564
5.025	0.592	0.563
5.058	0.589	0.567
5.095	0.590	0.567
5.128	0.590	0.568
5.169	0.595	0.562
5.210	0.597	0.560
5.246	0.593	0.565
5.282	0.595	0.565
5.282	0.596	0.570
5.319	0.596	0.569
5.358	0.600	0.564
5.396	0.596	0.568
5.433	0.598	0.568
5.465	0.598	0.568
5.502	0.596	0.572
5.540	0.599	0.567
5.581	0.594	0.568
5.581	0.593	0.567
5.620	0.591	0.568
5.654	0.590	0.563
5.696	0.595	0.555
5.731	0.593	0.556
5.763	0.594	0.552
5.802	0.592	0.547
5.835	0.592	0.545
5.876	0.595	0.539
5.907	0.592	0.543
5.931	0.593	0.540
5.958	0.598	0.535
6.007	0.594	0.537
6.031	0.594	0.536
6.058	0.596	0.536
6.089	0.594	0.536
6.128	0.595	0.536
6.162	0.598	0.537
6.200	0.598	0.540
6.241	0.600	0.541
6.269	0.601	0.542
6.306	0.602	0.540
6.344	0.600	0.544
6.382	0.600	0.544
6.417	0.599	0.546
6.417	0.598	0.545
6.453	0.597	0.546
6.494	0.597	0.544
6.527	0.596	0.543
6.567	0.597	0.539
6.609	0.596	0.539
6.641	0.596	0.536
6.665	0.595	0.534
6.736	0.581	0.548
6.761	0.580	0.550
6.789	0.580	0.550
6.830	0.585	0.545
6.869	0.583	0.549
6.906	0.587	0.545
6.930	0.583	0.549
6.958	0.585	0.548
6.989	0.395	0.526
7.028	0.321	0.516
7.053	0.323	0.511
7.089	0.321	0.515
7.125	0.321	0.519
7.166	0.321	0.519
7.199	0.324	0.520
7.235	0.324	0.523
7.275	0.326	0.525
7.311	0.327	0.528
7.332	0.329	0.528
7.358	0.329	0.530
7.389	0.330	0.532
7.433	0.330	0.536
7.482	0.330	0.535
7.482	0.330	0.538
7.546	0.336	0.535
7.546	0.336	0.535
7.610	0.338	0.539
7.610	0.596	0.591
7.672	0.609	0.597
7.736	0.612	0.598
7.799	0.612	0.599
7.799	0.612	0.601
7.860	0.615	0.596
7.860	0.614	0.597
7.919	0.610	0.599
7.919	0.610	0.598
7.978	0.611	0.598
7.978	0.611	0.597
8.045	0.611	0.598
8.045	0.612	0.598
8.105	0.609	0.598
8.105	0.608	0.599
8.166	0.608	0.596
8.211	0.614	0.591
8.211	0.651	0.608
8.276	0.637	0.617
8.314	0.633	0.618
8.350	0.638	0.611
8.350	0.639	0.611
8.387	0.637	0.611
8.428	0.637	0.613
8.469	0.636	0.612
8.500	0.634	0.612
8.540	0.638	0.606
8.562	0.638	0.607
8.589	0.637	0.608
8.631	0.635	0.608
8.658	0.640	0.601
8.689	0.640	0.599
8.729	0.639	0.600
8.768	0.637	0.599
8.789	0.637	0.598
8.821	0.634	0.594
8.858	0.631	0.596
8.896	0.630	0.595
8.936	0.632	0.585
8.969	0.632	0.583
9.007	0.632	0.582
9.027	0.627	0.586
9.054	0.632	0.578
9.085	0.633	0.577
9.132	0.635	0.577
9.163	0.631	0.582
9.195	0.634	0.579
9.234	0.631	0.583
9.271	0.632	0.584
9.306	0.638	0.579
9.329	0.638	0.581
9.356	0.633	0.583
9.385	0.634	0.582
9.421	0.637	0.577
9.462	0.636	0.577
9.502	0.636	0.574
9.542	0.632	0.579
9.573	0.632	0.578
9.599	0.631	0.575
9.625	0.631	0.572
9.653	0.605	0.574
9.695	0.606	0.573
9.721	0.609	0.575
9.753	0.610	0.576
9.798	0.611	0.578
9.825	0.612	0.578
9.865	0.612	0.577
9.901	0.612	0.579
9.933	0.612	0.576
9.973	0.611	0.577
10.004	0.611	0.578
10.040	0.610	0.581
10.062	0.615	0.577
10.089	0.613	0.586
10.121	0.614	0.589
10.162	0.619	0.586
10.196	0.615	0.594
10.222	0.615	0.594
10.262	0.616	0.594
10.302	0.616	0.594
10.328	0.616	0.594
10.354	0.616	0.593
10.385	0.615	0.593
10.431	0.615	0.592
10.474	0.614	0.592
10.497	0.614	0.593
10.521	0.613	0.593
10.557	0.613	0.592
10.594	0.614	0.593
10.621	0.615	0.588
10.665	0.615	0.586
10.703	0.611	0.590
10.756	0.625	0.595
10.785	0.629	0.590
10.821	0.625	0.594
10.861	0.624	0.592
10.896	0.624	0.591
10.937	0.622	0.590
10.961	0.623	0.592
10.988	0.624	0.594
11.021	0.630	0.586
11.060	0.624	0.593
11.098	0.623	0.593
11.130	0.625	0.593
11.163	0.625	0.597
11.200	0.630	0.594
11.234	0.627	0.598
11.260	0.627	0.600
11.286	0.629	0.602
11.321	0.629	0.602
11.361	0.635	0.595
11.400	0.630	0.602
11.425	0.632	0.601
11.462	0.632	0.599
11.504	0.633	0.598
11.563	0.616	0.611
11.591	0.616	0.613
11.621	0.616	0.613
11.667	0.617	0.614
11.699	0.617	0.612
11.733	0.618	0.612
11.761	0.617	0.613
11.787	0.618	0.615
11.821	0.586	0.606
11.856	0.348	0.564
11.891	0.338	0.569
11.929	0.338	0.572
11.962	0.338	0.571
11.998	0.338	0.573
12.035	0.338	0.575
12.075	0.338	0.575
12.112	0.339	0.577
12.132	0.340	0.577
12.172	0.342	0.574
12.207	0.340	0.579
12.240	0.342	0.579
12.263	0.343	0.580
12.290	0.344	0.583
12.321	0.344	0.580
12.362	0.343	0.585
12.397	0.345	0.583
12.434	0.345	0.584
12.473	0.345	0.584
12.511	0.346	0.584
12.534	0.349	0.579
12.559	0.347	0.583
12.586	0.348	0.582
12.621	0.347	0.582
12.662	0.348	0.581
12.695	0.348	0.579
12.737	0.347	0.578
12.778	0.349	0.578
12.810	0.348	0.581
12.845	0.348	0.579
12.879	0.349	0.582
12.905	0.352	0.580
12.929	0.350	0.581
12.956	0.350	0.587
12.985	0.352	0.588
13.021	0.352	0.592
13.058	0.352	0.589
13.094	0.351	0.590
13.130	0.351	0.591
13.169	0.350	0.589
13.207	0.348	0.593
13.240	0.350	0.587
13.264	0.347	0.588
13.292	0.348	0.589
13.318	0.352	0.585
13.353	0.350	0.586
13.396	0.351	0.583
13.423	0.349	0.586
13.462	0.354	0.583
13.502	0.351	0.584
13.541	0.351	0.583
13.564	0.403	0.593
13.593	0.412	0.596
13.619	0.416	0.596
13.653	0.421	0.591
13.695	0.417	0.592
13.734	0.417	0.591
13.775	0.418	0.589
13.812	0.418	0.588
13.829	0.417	0.588
13.856	0.418	0.589
13.885	0.417	0.587
13.931	0.417	0.589
13.963	0.418	0.585
14.001	0.423	0.585
14.042	0.422	0.591
14.077	0.421	0.593
14.077	0.420	0.593
14.138	0.421	0.593
14.138	0.422	0.593
14.205	0.417	0.592
14.205	0.449	0.692
14.376	0.623	0.717
14.438	0.531	0.643
14.438	0.534	0.633
14.504	0.539	0.629
14.504	0.518	0.639
14.682	0.570	0.657
14.682	0.548	0.620
14.746	0.555	0.604
14.746	0.564	0.596
14.816	0.575	0.585
14.816	0.581	0.580
14.892	0.579	0.583
14.892	0.580	0.582
14.954	0.579	0.580
14.954	0.582	0.579
15.022	0.586	0.581
15.022	0.588	0.585
15.081	0.593	0.583
15.081	0.595	0.583
15.142	0.593	0.585
15.142	0.595	0.585
15.214	0.598	0.585
15.214	0.598	0.585
15.295	0.596	0.591
15.295	0.595	0.587
15.363	0.595	0.589
15.363	0.595	0.592
15.428	0.595	0.591
15.428	0.597	0.592
15.487	0.600	0.586
15.487	0.600	0.586
15.551	0.595	0.589
15.551	0.594	0.589
15.619	0.592	0.586
15.619	0.591	0.583
15.684	0.589	0.584
15.684	0.589	0.579
15.754	0.590	0.577
15.754	0.589	0.573
15.824	0.591	0.563
15.824	0.593	0.564
15.885	0.588	0.569
15.885	0.586	0.571
15.932	0.584	0.574
15.997	0.585	0.575
15.997	0.585	0.576
16.060	0.588	0.579
16.060	0.588	0.586
16.135	0.588	0.583
16.135	0.587	0.586
16.195	0.586	0.587
16.195	0.585	0.587
16.256	0.585	0.586
16.256	0.585	0.584
16.321	0.586	0.582
16.321	0.587	0.580
16.389	0.587	0.576
16.389	0.586	0.574
16.459	0.586	0.567
16.459	0.584	0.564
16.538	0.583	0.565
16.538	0.583	0.564
16.538	0.583	0.562
16.605	0.585	0.559
16.605	0.585	0.558
16.669	0.580	0.560
16.702	0.585	0.553
16.743	0.582	0.554
16.786	0.583	0.559
16.786	0.582	0.559
16.827	0.331	0.553
16.863	0.315	0.556
16.901	0.315	0.552
16.936	0.317	0.554
16.962	0.324	0.551
16.989	0.321	0.557
17.037	0.320	0.555
17.062	0.320	0.557
17.085	0.319	0.556
17.125	0.323	0.552
17.164	0.321	0.558
17.206	0.322	0.558
17.231	0.322	0.557
17.259	0.325	0.554
17.285	0.323	0.559
17.330	0.326	0.554
17.363	0.325	0.553
17.398	0.324	0.554
17.431	0.324	0.554
17.468	0.325	0.555
17.491	0.325	0.553
17.517	0.325	0.551
17.585	0.324	0.548
17.651	0.325	0.547
17.685	0.329	0.543
17.750	0.326	0.547
17.785	0.323	0.545
17.862	0.325	0.542
17.917	0.328	0.545
17.985	0.327	0.550
18.070	0.327	0.551
18.137	0.328	0.550
18.199	0.328	0.552
18.272	0.327	0.552
18.343	0.329	0.545
18.415	0.327	0.545
18.452	0.329	0.542
18.512	0.328	0.537
18.591	0.328	0.535
18.666	0.328	0.537
18.729	0.325	0.537
18.801	0.325	0.533
18.866	0.328	0.530
18.940	0.331	0.533
19.003	0.327	0.536
19.081	0.327	0.532
19.145	0.341	0.563
19.220	0.339	0.565
19.258	0.334	0.566
19.354	0.333	0.563
19.393	0.333	0.561
19.471	0.335	0.560
19.540	0.331	0.552
19.638	0.329	0.551
19.668	0.331	0.551
19.739	0.337	0.553
19.806	0.331	0.555
19.826	0.335	0.553
19.849	0.337	0.553
19.885	0.338	0.553
19.885	0.337	0.552
19.923	0.336	0.552
19.963	0.338	0.551
19.992	0.336	0.554
20.036	0.335	0.554
20.073	0.335	0.554
20.107	0.334	0.554
20.141	0.337	0.550
20.165	0.336	0.549
20.193	0.334	0.551
20.220	0.333	0.550
20.471	0.253	0.661
20.508	0.254	0.650
20.738	0.293	0.591
20.770	0.297	0.582
20.802	0.302	0.575
20.828	0.308	0.568
20.856	0.313	0.565
20.885	0.321	0.555
20.926	0.320	0.558
20.964	0.321	0.557
20.995	0.326	0.551
21.039	0.323	0.555
21.077	0.324	0.556
21.100	0.325	0.556
21.126	0.330	0.551
21.153	0.327	0.553
21.185	0.333	0.547
21.218	0.329	0.550
21.254	0.330	0.548
21.286	0.330	0.545
21.324	0.332	0.540
21.364	0.330	0.541
21.401	0.333	0.535
21.438	0.331	0.538
21.480	0.332	0.539
21.500	0.332	0.539
21.539	0.333	0.539
21.579	0.337	0.536
21.597	0.338	0.537
21.624	0.336	0.541
21.681	0.335	0.541
21.681	0.335	0.542
21.721	0.339	0.536
21.760	0.335	0.538
21.802	0.335	0.536
21.840	0.335	0.536
21.862	0.337	0.531
21.889	0.337	0.529
21.917	0.332	0.530
21.981	0.331	0.531
22.017	0.330	0.531
22.017	0.329	0.528
22.061	0.328	0.523
22.094	0.327	0.522
22.133	0.327	0.519
22.170	0.327	0.516
22.208	0.327	0.516
22.243	0.328	0.516
22.266	0.328	0.516
22.293	0.332	0.513
22.319	0.333	0.514
22.381	0.331	0.519
22.381	0.333	0.521
22.447	0.336	0.521
22.447	0.336	0.521
22.508	0.339	0.521
22.508	0.341	0.523
22.575	0.341	0.524
22.575	0.341	0.526
22.644	0.341	0.525
22.644	0.340	0.526
22.708	0.344	0.520
22.708	0.344	0.521
22.772	0.335	0.522
22.828	0.305	0.554
22.828	0.304	0.552
22.883	0.303	0.554
22.883	0.303	0.554
22.957	0.305	0.551
22.957	0.305	0.551
23.015	0.302	0.556
23.015	0.302	0.558
23.087	0.304	0.560
23.087	0.305	0.560
23.138	0.306	0.560
23.138	0.307	0.563
23.204	0.309	0.560
23.204	0.310	0.562
23.270	0.306	0.567
23.328	0.307	0.568
23.328	0.307	0.568
23.391	0.306	0.566
23.391	0.306	0.564
23.456	0.307	0.565
23.456	0.309	0.564
23.518	0.309	0.567
23.518	0.308	0.567
23.593	0.310	0.561
23.593	0.310	0.561
23.593	0.310	0.561
23.671	0.308	0.564
23.704	0.309	0.564
23.737	0.306	0.565
23.779	0.307	0.563
23.796	0.309	0.565
23.830	0.309	0.567
23.862	0.313	0.564
23.905	0.314	0.561
23.929	0.315	0.562
23.980	0.312	0.566
24.002	0.312	0.565
24.027	0.317	0.561
24.081	0.314	0.561
24.117	0.313	0.561
24.117	0.313	0.559
24.149	0.313	0.558
24.200	0.312	0.554
24.227	0.311	0.550
24.281	0.311	0.550
24.317	0.311	0.549
24.317	0.311	0.547
24.354	0.310	0.548
24.386	0.311	0.547
24.420	0.311	0.543
24.460	0.312	0.545
24.492	0.312	0.544
24.532	0.312	0.541
24.557	0.315	0.538
24.598	0.314	0.540
24.637	0.317	0.535
24.677	0.305	0.538
24.714	0.291	0.568
24.750	0.295	0.565
24.750	0.302	0.560
24.790	0.308	0.556
24.823	0.312	0.554
24.856	0.313	0.552
24.895	0.313	0.551
24.937	0.314	0.547
24.962	0.315	0.544
25.007	0.311	0.547
25.031	0.312	0.544
25.058	0.313	0.543
25.083	0.314	0.541
25.117	0.315	0.539
25.152	0.315	0.539
25.189	0.316	0.539
25.224	0.317	0.540
25.258	0.318	0.541
25.302	0.321	0.539
25.328	0.317	0.541
25.381	0.322	0.542
25.417	0.319	0.547
25.417	0.319	0.550
25.482	0.320	0.551
25.518	0.319	0.552
25.518	0.320	0.552
25.583	0.324	0.549
25.583	0.324	0.551
25.620	0.324	0.549
25.655	0.325	0.548
25.717	0.323	0.552
25.717	0.322	0.551
25.783	0.325	0.549
25.783	0.326	0.545
25.828	0.326	0.545
25.867	0.323	0.549
25.900	0.321	0.549
25.938	0.322	0.549
25.962	0.326	0.544
25.989	0.327	0.540
26.049	0.327	0.540
26.081	0.327	0.539
26.081	0.328	0.538
26.122	0.325	0.540
26.181	0.325	0.540
26.181	0.324	0.540
26.224	0.327	0.536
26.261	0.324	0.539
26.298	0.323	0.536
26.332	0.324	0.539
26.363	0.325	0.538
26.405	0.324	0.537
26.405	0.323	0.535
26.469	0.324	0.536
26.469	0.324	0.533
26.536	0.325	0.535
26.598	0.327	0.537
26.598	0.319	0.537
26.632	0.320	0.537
26.659	0.318	0.538
26.699	0.318	0.539
26.734	0.318	0.538
26.759	0.319	0.537
26.809	0.319	0.540
26.832	0.319	0.541
26.859	0.320	0.541
26.913	0.320	0.543
26.913	0.321	0.542
26.955	0.325	0.537
27.003	0.321	0.543
27.035	0.324	0.538
27.076	0.321	0.540
27.113	0.320	0.539
27.133	0.320	0.537
27.159	0.318	0.537
27.213	0.319	0.538
27.249	0.319	0.534
27.249	0.318	0.533
27.290	0.316	0.532
27.327	0.316	0.528
27.366	0.316	0.528
27.407	0.321	0.524
27.456	0.318	0.526
27.456	0.317	0.527
27.519	0.318	0.527
27.519	0.319	0.526
27.576	0.323	0.528
27.576	0.324	0.531
27.642	0.320	0.535
27.642	0.320	0.537
27.716	0.320	0.538
27.716	0.321	0.539
27.773	0.321	0.539
27.810	0.322	0.539
27.830	0.322	0.540
27.857	0.325	0.536
27.904	0.321	0.541
27.929	0.325	0.537
27.981	0.325	0.534
28.018	0.321	0.537
28.018	0.322	0.535
28.055	0.321	0.536
28.093	0.312	0.534
28.133	0.307	0.548
28.174	0.304	0.549
28.209	0.304	0.548
28.231	0.304	0.546
28.259	0.305	0.545
28.313	0.309	0.542
28.349	0.309	0.545
28.381	0.310	0.546
28.419	0.309	0.546
28.419	0.310	0.546
28.455	0.314	0.546
28.492	0.312	0.550
28.526	0.318	0.549
28.560	0.316	0.549
28.600	0.316	0.553
28.639	0.313	0.554
28.661	0.314	0.555
28.713	0.314	0.555
28.749	0.313	0.556
28.749	0.314	0.555
28.794	0.313	0.555
28.832	0.313	0.554
28.863	0.313	0.553
28.904	0.312	0.551
28.943	0.315	0.547
28.943	0.314	0.546
29.009	0.314	0.545
29.043	0.311	0.547
29.075	0.314	0.544
29.113	0.314	0.542
29.136	0.309	0.544
29.161	0.310	0.544
29.205	0.313	0.545
29.230	0.315	0.545
29.256	0.315	0.547
29.313	0.320	0.544
29.313	0.320	0.544
29.354	0.318	0.548
29.393	0.319	0.547
29.433	0.319	0.548
29.459	0.319	0.547
29.513	0.317	0.548
29.549	0.317	0.547
29.549	0.317	0.549
29.587	0.318	0.550
29.624	0.318	0.548
29.659	0.317	0.548
29.697	0.313	0.548
29.738	0.309	0.563
29.777	0.307	0.565
29.814	0.306	0.564
29.814	0.306	0.563
29.855	0.309	0.560
29.889	0.309	0.560
29.928	0.309	0.559
29.962	0.307	0.558
29.991	0.307	0.557
30.044	0.309	0.553
30.065	0.306	0.555
30.092	0.306	0.554
30.145	0.308	0.551
30.181	0.305	0.555
30.181	0.306	0.554
30.224	0.312	0.551
30.263	0.311	0.554
30.305	0.310	0.557
30.345	0.310	0.557
30.370	0.311	0.556
30.410	0.312	0.558
30.432	0.312	0.558
30.459	0.312	0.555
30.513	0.312	0.557
30.513	0.312	0.554
30.558	0.311	0.554
30.596	0.307	0.557
30.633	0.299	0.565
30.672	0.301	0.574
30.704	0.309	0.569
30.742	0.312	0.564
30.760	0.313	0.563
30.787	0.312	0.558
30.813	0.312	0.559
30.858	0.310	0.557
30.890	0.311	0.556
30.932	0.309	0.554
30.959	0.309	0.551
31.013	0.309	0.551
31.049	0.309	0.552
31.081	0.310	0.549
31.115	0.310	0.546
31.145	0.311	0.543
31.187	0.307	0.544
31.187	0.308	0.543
31.224	0.309	0.545
31.265	0.309	0.542
31.301	0.308	0.542
31.339	0.310	0.543
31.363	0.309	0.542
31.389	0.396	0.564
31.445	0.554	0.585
31.481	0.558	0.583
31.513	0.555	0.586
31.545	0.551	0.601
31.745	0.499	0.649
31.781	0.462	0.622
31.816	0.466	0.612
31.816	0.471	0.607
31.883	0.468	0.595
32.013	0.437	0.686
32.088	0.454	0.662
32.129	0.463	0.653
32.167	0.467	0.648
32.200	0.470	0.642
32.240	0.471	0.640
32.263	0.477	0.634
32.289	0.478	0.632
32.345	0.482	0.632
32.345	0.483	0.633
32.387	0.486	0.631
32.430	0.487	0.633
32.466	0.486	0.630
32.498	0.487	0.630
32.537	0.489	0.627
32.569	0.489	0.627
32.593	0.489	0.629
32.619	0.489	0.626
32.645	0.488	0.626
32.713	0.489	0.625
32.745	0.489	0.620
32.782	0.490	0.618
32.817	0.492	0.615
32.817	0.492	0.615
32.857	0.487	0.617
32.888	0.487	0.617
32.928	0.640	0.631
32.968	0.664	0.630
32.994	0.664	0.630
33.020	0.666	0.635
33.045	0.665	0.635
33.086	0.665	0.638
33.128	0.664	0.638
33.160	0.669	0.635
33.197	0.669	0.634
33.236	0.664	0.640
33.272	0.664	0.640
33.309	0.663	0.641
33.340	0.665	0.641
33.379	0.664	0.641
33.417	0.664	0.643
33.417	0.663	0.641
33.458	0.664	0.640
33.494	0.665	0.640
33.532	0.667	0.636
33.563	0.666	0.638
33.591	0.666	0.639
33.625	0.671	0.634
33.661	0.669	0.633
33.702	0.665	0.637
33.734	0.666	0.636
33.761	0.666	0.635
33.831	0.667	0.635
33.831	0.665	0.635
33.892	0.665	0.634
33.892	0.665	0.633
33.949	0.666	0.632
33.949	0.668	0.635
34.016	0.668	0.635
34.016	0.668	0.636
34.073	0.667	0.640
34.073	0.667	0.639
34.137	0.668	0.638
34.162	0.668	0.639
34.196	0.627	0.654
34.232	0.624	0.649
34.259	0.622	0.651
34.311	0.621	0.654
34.334	0.621	0.652
34.360	0.626	0.646
34.413	0.621	0.651
34.413	0.621	0.649
34.458	0.620	0.646
34.497	0.620	0.645
34.525	0.620	0.644
34.569	0.626	0.635
34.603	0.621	0.637
34.636	0.619	0.635
34.673	0.622	0.631
34.697	0.620	0.634
34.724	0.619	0.634
34.777	0.622	0.636
34.813	0.625	0.637
34.845	0.623	0.639
34.845	0.622	0.640
34.887	0.629	0.636
34.917	0.624	0.642
34.963	0.624	0.643
35.000	0.625	0.645
35.062	0.624	0.644
35.062	0.623	0.643
35.119	0.623	0.644
35.119	0.622	0.643
35.193	0.623	0.640
35.193	0.624	0.639
35.259	0.625	0.638
35.259	0.625	0.636
35.324	0.624	0.634
35.324	0.624	0.632
35.395	0.623	0.630
35.395	0.623	0.630
35.458	0.616	0.627
35.458	0.611	0.638
35.523	0.607	0.641
35.523	0.605	0.642
35.587	0.603	0.639
35.587	0.602	0.637
35.634	0.602	0.635
35.634	0.604	0.636
35.702	0.607	0.637
35.702	0.607	0.637
35.767	0.612	0.633
35.817	0.609	0.639
35.817	0.611	0.638
35.855	0.616	0.641
35.898	0.615	0.645
35.931	0.615	0.644
35.967	0.615	0.648
36.010	0.618	0.647
36.048	0.616	0.652
36.048	0.616	0.652
36.085	0.617	0.649
36.144	0.617	0.649
36.166	0.616	0.650
36.192	0.617	0.649
36.245	0.616	0.645
36.282	0.616	0.646
36.318	0.615	0.646
36.318	0.614	0.646
36.353	0.613	0.647
36.387	0.613	0.645
36.420	0.612	0.644
36.455	0.611	0.643
36.493	0.611	0.643
36.521	0.612	0.642
36.555	0.611	0.643
36.587	0.610	0.640
36.624	0.610	0.641
36.661	0.609	0.639
36.701	0.609	0.639
36.738	0.610	0.637
36.762	0.610	0.640
36.790	0.608	0.639
36.845	0.610	0.639
36.880	0.608	0.642
36.913	0.611	0.643
36.913	0.611	0.643
36.952	0.611	0.645
36.994	0.609	0.646
37.039	0.609	0.647
37.039	0.608	0.645
37.102	0.608	0.647
37.158	0.612	0.641
37.158	0.613	0.641
37.225	0.609	0.645
37.225	0.609	0.646
37.297	0.614	0.639
37.297	0.612	0.638
37.358	0.609	0.638
37.358	0.607	0.638
37.425	0.603	0.641
37.425	0.601	0.639
37.493	0.600	0.636
37.493	0.600	0.634
37.550	0.604	0.625
37.550	0.635	0.639
37.605	0.624	0.640
37.605	0.621	0.639
37.669	0.619	0.640
37.669	0.618	0.639
37.732	0.622	0.636
37.732	0.622	0.638
37.800	0.621	0.637
37.862	0.619	0.638
37.862	0.619	0.637
37.920	0.621	0.631
37.920	0.622	0.632
37.987	0.624	0.633
37.987	0.623	0.635
38.047	0.627	0.633
38.047	0.627	0.632
38.116	0.621	0.637
38.116	0.620	0.636
38.178	0.622	0.634
38.178	0.622	0.635
38.240	0.628	0.629
38.240	0.626	0.628
38.308	0.624	0.631
38.308	0.622	0.629
38.362	0.617	0.636
38.428	0.616	0.636
38.428	0.617	0.635
38.490	0.618	0.634
38.490	0.618	0.631
38.555	0.619	0.630
38.555	0.619	0.627
38.628	0.617	0.629
38.628	0.613	0.623
38.692	0.590	0.642
38.692	0.588	0.640
38.752	0.588	0.644
38.752	0.588	0.644
38.812	0.588	0.644
38.812	0.589	0.642
38.880	0.591	0.638
38.880	0.592	0.639
38.957	0.591	0.638
38.957	0.591	0.640
38.998	0.591	0.641
39.021	0.592	0.641
39.077	0.595	0.639
39.113	0.595	0.640
39.113	0.596	0.640
39.188	0.596	0.640
39.188	0.597	0.640
39.253	0.592	0.644
39.253	0.592	0.644
39.323	0.592	0.644
39.323	0.591	0.644
39.379	0.592	0.645
39.413	0.593	0.645
39.413	0.592	0.643
39.461	0.597	0.638
39.497	0.592	0.645
39.537	0.593	0.645
39.557	0.593	0.644
39.606	0.593	0.645
39.630	0.593	0.646
39.656	0.599	0.641
39.709	0.599	0.640
39.750	0.596	0.646
39.750	0.595	0.645
39.792	0.595	0.645
39.836	0.596	0.644
39.869	0.595	0.645
39.904	0.600	0.640
39.926	0.594	0.646
39.953	0.594	0.644
40.009	0.594	0.641
40.045	0.593	0.640
40.081	0.595	0.638
40.081	0.595	0.634
40.120	0.593	0.635
40.158	0.594	0.633
40.193	0.599	0.626
40.229	0.599	0.625
40.268	0.596	0.629
40.300	0.597	0.629
40.329	0.599	0.628
40.365	0.604	0.625
40.399	0.604	0.626
40.438	0.599	0.630
40.461	0.603	0.627
40.545	0.605	0.639
40.578	0.605	0.641
40.614	0.608	0.636
40.646	0.607	0.632
40.646	0.608	0.628
40.711	0.604	0.633
40.711	0.604	0.632
40.756	0.604	0.632
40.798	0.610	0.623
40.831	0.605	0.628
40.867	0.605	0.630
40.892	0.606	0.630
40.945	0.613	0.626
40.981	0.608	0.630
40.981	0.609	0.634
41.020	0.614	0.628
41.059	0.609	0.635
41.096	0.613	0.632
41.123	0.615	0.634
41.160	0.615	0.636
41.196	0.616	0.636
41.236	0.616	0.636
41.261	0.616	0.642
41.288	0.616	0.645
41.345	0.611	0.650
41.383	0.611	0.648
41.383	0.610	0.645
41.418	0.610	0.645
41.462	0.611	0.643
41.503	0.609	0.639
41.530	0.607	0.638
41.562	0.608	0.634
41.595	0.608	0.633
41.635	0.609	0.634
41.670	0.611	0.634
41.694	0.611	0.629
41.721	0.613	0.630
41.777	0.616	0.624
41.813	0.614	0.629
41.813	0.615	0.630
41.854	0.621	0.623
41.891	0.623	0.626
41.919	0.624	0.624
41.949	0.624	0.625
42.023	0.626	0.625
42.023	0.627	0.626
42.088	0.627	0.624
42.088	0.626	0.624
42.158	0.621	0.631
42.158	0.621	0.630
42.222	0.622	0.628
42.222	0.622	0.629
42.290	0.621	0.630
42.290	0.621	0.629
42.346	0.621	0.626
42.346	0.619	0.625
42.402	0.618	0.624
42.468	0.564	0.677
42.593	0.536	0.724
42.638	0.548	0.678
42.638	0.556	0.662
42.703	0.566	0.647
42.703	0.569	0.642
42.775	0.569	0.643
42.775	0.570	0.635
42.838	0.573	0.634
42.838	0.576	0.635
42.910	0.584	0.635
42.910	0.584	0.634
42.975	0.590	0.634
43.012	0.592	0.629
43.037	0.598	0.623
43.062	0.599	0.625
43.088	0.598	0.623
43.141	0.595	0.627
43.177	0.596	0.628
43.177	0.596	0.628
43.226	0.595	0.627
43.269	0.602	0.623
43.269	0.603	0.625
43.331	0.599	0.633
43.396	0.599	0.632
43.396	0.598	0.633
43.468	0.598	0.633
43.468	0.598	0.633
43.529	0.598	0.634
43.529	0.603	0.635
43.590	0.604	0.638
43.590	0.604	0.636
43.659	0.604	0.635
43.659	0.603	0.635
43.716	0.609	0.627
43.716	0.610	0.625
43.781	0.610	0.629
43.781	0.610	0.631
43.838	0.605	0.638
43.838	0.604	0.641
43.897	0.608	0.634
43.897	0.608	0.633
43.968	0.607	0.632
43.968	0.607	0.631
44.034	0.607	0.628
44.034	0.606	0.627
44.096	0.601	0.629
44.167	0.602	0.622
44.167	0.600	0.623
44.225	0.593	0.631
44.225	0.594	0.631
44.290	0.596	0.628
44.290	0.596	0.627
44.361	0.603	0.621
44.361	0.604	0.616
44.422	0.600	0.623
44.422	0.599	0.624
44.492	0.601	0.618
44.492	0.601	0.616
44.549	0.601	0.614
44.549	0.601	0.613
44.616	0.597	0.615
44.616	0.597	0.616
44.672	0.598	0.614
44.672	0.598	0.612
44.732	0.592	0.617
44.793	0.594	0.615
44.793	0.594	0.615
44.854	0.594	0.614
44.854	0.594	0.612
44.923	0.593	0.612
44.923	0.590	0.608
44.994	0.589	0.608
44.994	0.587	0.603
45.052	0.589	0.602
45.052	0.589	0.598
45.116	0.590	0.596
45.116	0.590	0.594
45.180	0.589	0.591
45.216	0.590	0.591
45.216	0.593	0.590
45.252	0.597	0.593
45.290	0.598	0.597
45.315	0.597	0.600
45.354	0.604	0.597
45.396	0.604	0.599
45.431	0.605	0.597
45.466	0.603	0.624
45.492	0.603	0.634
45.541	0.599	0.634
45.565	0.599	0.632
45.592	0.598	0.629
45.641	0.602	0.624
45.677	0.597	0.628
45.720	0.597	0.623
45.720	0.597	0.623
45.764	0.601	0.618
45.806	0.595	0.622
45.829	0.599	0.615
45.856	0.599	0.614
45.909	0.598	0.613
45.941	0.593	0.620
45.978	0.598	0.616
46.009	0.599	0.615
46.043	0.598	0.620
46.077	0.600	0.616
46.119	0.601	0.628
46.119	0.601	0.630
46.159	0.605	0.625
46.202	0.604	0.628
46.235	0.600	0.632
46.272	0.604	0.629
46.314	0.602	0.635
46.314	0.602	0.637
46.359	0.606	0.630
46.399	0.601	0.634
46.433	0.604	0.630
46.473	0.608	0.625
46.496	0.609	0.627
46.542	0.608	0.627
46.565	0.604	0.630
46.609	0.604	0.630
46.641	0.605	0.629
46.681	0.605	0.626
46.681	0.605	0.627
46.720	0.606	0.624
46.753	0.605	0.624
46.796	0.605	0.623
46.830	0.603	0.623
46.865	0.603	0.620
46.890	0.603	0.618
46.931	0.602	0.615
46.969	0.602	0.613
46.993	0.601	0.612
47.043	0.601	0.608
47.077	0.599	0.608
47.121	0.597	0.607
47.121	0.596	0.607
47.158	0.595	0.604
47.198	0.594	0.604
47.239	0.595	0.602
47.261	0.596	0.605
47.309	0.602	0.600
47.343	0.598	0.606
47.373	0.595	0.609
47.411	0.594	0.609
47.444	0.591	0.624
47.473	0.586	0.628
47.509	0.587	0.628
47.541	0.593	0.618
47.573	0.592	0.617
47.609	0.592	0.614
47.641	0.592	0.612
47.673	0.586	0.614
47.713	0.584	0.616
47.748	0.584	0.615
47.748	0.584	0.609
47.783	0.587	0.606
47.823	0.583	0.608
47.856	0.585	0.607
47.909	0.585	0.605
47.950	0.586	0.606
47.950	0.587	0.606
47.988	0.588	0.606
48.031	0.588	0.609
48.064	0.592	0.604
48.089	0.592	0.603
48.124	0.587	0.609
48.158	0.582	0.597
48.201	0.533	0.707
48.323	0.488	0.791
48.409	0.514	0.739
48.509	0.532	0.715
48.543	0.537	0.709
48.582	0.540	0.703
48.582	0.544	0.698
48.622	0.546	0.692
48.654	0.548	0.689
48.687	0.549	0.687
48.721	0.550	0.683
48.756	0.550	0.683
48.795	0.552	0.678
48.830	0.553	0.676
48.866	0.554	0.673
48.888	0.553	0.674
48.941	0.555	0.671
48.980	0.557	0.669
49.016	0.556	0.667
49.016	0.556	0.664
49.052	0.560	0.665
49.090	0.560	0.664
49.123	0.560	0.665
49.158	0.567	0.659
49.195	0.568	0.659
49.229	0.569	0.658
49.263	0.564	0.664
49.288	0.564	0.666
49.325	0.565	0.663
49.357	0.565	0.661
49.392	0.568	0.653
49.434	0.558	0.659
49.466	0.566	0.730
49.594	0.557	0.719
49.621	0.442	0.672
49.673	0.449	0.660
49.714	0.457	0.657
49.741	0.463	0.652
49.773	0.467	0.647
49.837	0.475	0.645
49.837	0.478	0.639
49.899	0.477	0.631
49.957	0.479	0.623
49.957	0.481	0.616
50.026	0.485	0.613
50.026	0.488	0.613
50.088	0.489	0.616
50.088	0.489	0.616
50.153	0.493	0.613
50.153	0.494	0.615
50.222	0.494	0.613
50.222	0.496	0.613
50.281	0.496	0.616
50.281	0.497	0.618
50.334	0.500	0.613
50.334	0.501	0.616
50.395	0.497	0.620
50.462	0.498	0.620
50.462	0.498	0.617
50.521	0.503	0.612
50.521	0.509	0.609
50.590	0.488	0.619
50.590	0.487	0.613
50.656	0.482	0.619
50.656	0.480	0.619
50.719	0.481	0.618
50.719	0.481	0.617
50.780	0.483	0.618
50.780	0.485	0.616
50.841	0.486	0.620
50.841	0.485	0.621
50.904	0.482	0.621
50.904	0.481	0.621
50.964	0.482	0.618
50.999	0.485	0.617
51.027	0.485	0.618
51.090	0.484	0.619
51.090	0.313	0.570
51.151	0.292	0.551
51.151	0.292	0.549
51.221	0.291	0.548
51.221	0.293	0.548
51.278	0.295	0.545
51.278	0.296	0.544
51.343	0.296	0.544
51.343	0.295	0.544
51.406	0.297	0.540
51.406	0.297	0.539
51.475	0.295	0.542
51.475	0.294	0.541
51.538	0.296	0.539
51.538	0.297	0.538
51.600	0.298	0.538
51.600	0.298	0.538
51.668	0.301	0.537
51.704	0.304	0.539
51.734	0.304	0.543
51.772	0.301	0.546
51.815	0.303	0.545
51.815	0.304	0.544
51.858	0.309	0.544
51.890	0.362	0.574
51.928	0.363	0.573
51.956	0.368	0.572
52.003	0.368	0.575
52.028	0.368	0.577
52.055	0.368	0.578
52.105	0.369	0.572
52.141	0.368	0.571
52.179	0.366	0.570
52.218	0.363	0.572
52.218	0.361	0.570
52.256	0.362	0.566
52.294	0.364	0.563
52.335	0.362	0.560
52.374	0.363	0.560
52.398	0.367	0.555
52.425	0.364	0.557
52.475	0.363	0.555
52.505	0.363	0.553
52.546	0.363	0.552
52.546	0.363	0.551
52.586	0.365	0.548
52.620	0.365	0.547
52.660	0.360	0.551
52.699	0.329	0.577
52.860	0.288	0.682
52.941	0.306	0.642
52.981	0.311	0.634
53.016	0.315	0.628
53.016	0.320	0.623
53.051	0.323	0.621
53.086	0.328	0.615
53.120	0.327	0.615
53.164	0.329	0.612
53.201	0.332	0.611
53.239	0.334	0.610
53.271	0.335	0.607
53.313	0.335	0.606
53.329	0.337	0.603
53.356	0.338	0.604
53.405	0.338	0.603
53.441	0.340	0.603
53.483	0.341	0.604
53.483	0.345	0.651
53.662	0.270	0.689
53.691	0.264	0.652
53.741	0.269	0.644
53.784	0.279	0.638
53.784	0.285	0.633
53.819	0.289	0.631
53.857	0.293	0.626
53.897	0.294	0.625
53.932	0.297	0.624
53.967	0.300	0.620
54.006	0.304	0.621
54.030	0.305	0.620
54.057	0.306	0.621
54.105	0.312	0.617
54.105	0.315	0.617
54.175	0.313	0.619
54.175	0.314	0.617
54.233	0.317	0.614
54.291	0.316	0.614
54.291	0.317	0.614
54.364	0.313	0.617
54.364	0.312	0.618
54.422	0.314	0.619
54.422	0.315	0.617
54.481	0.392	0.617
54.515	0.422	0.646
54.515	0.424	0.641
54.559	0.431	0.641
54.594	0.428	0.645
54.630	0.425	0.647
54.664	0.427	0.648
54.692	0.431	0.646
54.724	0.432	0.645
54.760	0.433	0.646
54.802	0.432	0.643
54.835	0.432	0.644
54.860	0.431	0.644
54.911	0.415	0.642
54.934	0.274	0.618
54.961	0.276	0.610
54.988	0.274	0.614
55.041	0.277	0.616
55.078	0.274	0.617
55.116	0.278	0.613
55.116	0.278	0.612
55.149	0.274	0.614
55.195	0.275	0.610
55.231	0.276	0.608
55.272	0.276	0.606
55.307	0.277	0.604
55.330	0.276	0.604
55.357	0.387	0.630
55.405	0.457	0.664
55.441	0.461	0.650
55.473	0.457	0.657
55.512	0.459	0.659
55.541	0.461	0.663
55.573	0.464	0.663
55.609	0.468	0.665
55.645	0.463	0.668
55.645	0.465	0.669
55.688	0.464	0.670
55.722	0.465	0.669
55.758	0.467	0.671
55.796	0.469	0.670
55.833	0.469	0.670
55.856	0.469	0.671
55.905	0.471	0.668
55.947	0.474	0.663
55.947	0.474	0.663
55.987	0.469	0.666
56.028	0.471	0.664
56.061	0.474	0.660
56.094	0.469	0.662
56.128	0.469	0.660
56.166	0.473	0.655
56.192	0.470	0.656
56.237	0.471	0.653
56.273	0.475	0.647
56.316	0.470	0.653
56.316	0.469	0.652
56.355	0.470	0.651
56.393	0.470	0.653
56.429	0.472	0.655
56.465	0.472	0.656
56.491	0.355	0.641
56.543	0.330	0.637
56.573	0.329	0.635
56.605	0.329	0.639
56.637	0.332	0.636
56.673	0.330	0.639
56.714	0.330	0.636
56.714	0.329	0.637
56.751	0.330	0.637
56.784	0.333	0.632
56.820	0.332	0.632
56.856	0.333	0.630
56.887	0.328	0.632
56.921	0.329	0.630
56.953	0.328	0.628
56.994	0.328	0.626
57.027	0.327	0.624
57.059	0.328	0.623
57.104	0.331	0.620
57.138	0.329	0.623
57.170	0.330	0.620
57.204	0.333	0.616
57.228	0.333	0.615
57.256	0.330	0.615
57.305	0.332	0.612
57.337	0.332	0.612
57.373	0.331	0.615
57.411	0.336	0.612
57.438	0.338	0.613
57.478	0.334	0.617
57.520	0.333	0.620
57.520	0.334	0.621
57.554	0.337	0.620
57.593	0.337	0.621
57.631	0.333	0.624
57.667	0.337	0.621
57.707	0.334	0.624
57.744	0.335	0.624
57.766	0.335	0.623
57.791	0.335	0.624
57.837	0.335	0.621
57.876	0.335	0.622
57.905	0.337	0.617
57.937	0.335	0.619
57.973	0.335	0.616
58.017	0.340	0.612
58.017	0.341	0.609
58.052	0.341	0.609
58.091	0.338	0.609
58.128	0.342	0.606
58.160	0.338	0.611
58.202	0.343	0.607
58.235	0.340	0.613
58.265	0.345	0.611
58.304	0.344	0.614
58.342	0.346	0.611
58.385	0.346	0.613
58.385	0.346	0.613
58.421	0.350	0.610
58.460	0.350	0.612
58.498	0.349	0.612
58.533	0.349	0.612
58.567	0.346	0.615
58.606	0.345	0.615
58.631	0.345	0.614
58.658	0.349	0.611
58.705	0.348	0.610
58.744	0.345	0.612
58.773	0.340	0.614
58.805	0.339	0.612
58.843	0.337	0.609
58.873	0.337	0.606
58.907	0.342	0.603
58.945	0.339	0.606
58.945	0.341	0.603
58.985	0.341	0.601
59.025	0.342	0.601
59.080	0.346	0.595
59.080	0.348	0.596
59.134	0.344	0.601
59.193	0.347	0.604
59.193	0.347	0.607
59.256	0.347	0.611
59.256	0.347	0.612
59.330	0.347	0.610
59.330	0.347	0.611
59.330	0.348	0.611
59.399	0.348	0.611
59.455	0.351	0.606
59.455	0.349	0.606
59.521	0.344	0.611
59.521	0.344	0.612
59.579	0.347	0.607
59.579	0.346	0.605
59.650	0.347	0.604
59.650	0.346	0.603
59.721	0.338	0.606
59.721	0.320	0.712
59.897	0.274	0.658
59.962	0.280	0.637
60.028	0.292	0.621
60.028	0.298	0.612
60.089	0.306	0.607
60.089	0.311	0.602
60.156	0.313	0.596
60.156	0.318	0.592
60.218	0.318	0.592
60.218	0.319	0.589
60.282	0.318	0.590
60.282	0.318	0.592
60.351	0.317	0.596
60.351	0.319	0.598
60.351	0.320	0.600
60.351	0.322	0.601
60.520	0.330	0.598
60.520	0.331	0.600
60.553	0.330	0.605
60.553	0.328	0.604
60.592	0.329	0.598
60.634	0.331	0.601
60.661	0.335	0.598
60.703	0.333	0.597
60.738	0.326	0.600
60.774	0.325	0.600
60.814	0.326	0.602
60.814	0.323	0.602
60.851	0.325	0.602
60.885	0.325	0.601
60.923	0.328	0.597
60.957	0.328	0.598
60.992	0.324	0.601
61.027	0.325	0.601
61.062	0.330	0.600
61.089	0.328	0.601
61.124	0.329	0.603
61.162	0.330	0.604
61.234	0.695	0.630
61.267	0.690	0.628
61.294	0.692	0.633
61.321	0.697	0.630
61.384	0.694	0.637
61.384	0.694	0.638
61.451	0.693	0.639
61.451	0.693	0.638
61.510	0.699	0.640
61.510	0.701	0.639
61.567	0.702	0.634
61.619	0.700	0.634
61.619	0.699	0.633
61.678	0.684	0.628
61.678	0.599	0.744
61.861	0.532	0.795
61.923	0.536	0.784
62.104	0.530	0.643
62.169	0.534	0.632
62.169	0.540	0.627
62.236	0.543	0.625
62.270	0.548	0.623
62.289	0.552	0.621
62.338	0.554	0.623
62.369	0.554	0.621
62.405	0.556	0.618
62.448	0.559	0.617
62.448	0.561	0.618
62.485	0.562	0.616
62.527	0.564	0.615
62.567	0.569	0.608
62.567	0.570	0.608
62.628	0.566	0.612
62.695	0.565	0.612
62.695	0.564	0.609
62.751	0.565	0.604
62.751	0.568	0.605
62.811	0.571	0.605
62.811	0.570	0.606
62.876	0.570	0.607
62.876	0.571	0.604
62.934	0.571	0.599
62.934	0.571	0.598
63.000	0.572	0.601
63.000	0.572	0.599
63.069	0.572	0.602
63.069	0.572	0.601
63.131	0.569	0.603
63.194	0.571	0.596
63.194	0.571	0.597
63.255	0.568	0.593
63.255	0.568	0.592
63.318	0.567	0.590
63.318	0.565	0.586
63.383	0.564	0.589
63.383	0.564	0.584
63.444	0.563	0.585
63.444	0.562	0.586
63.509	0.565	0.578
63.509	0.564	0.575
63.568	0.561	0.580
63.568	0.560	0.579
63.631	0.559	0.579
63.694	0.559	0.579
63.694	0.560	0.578
63.755	0.562	0.578
63.755	0.563	0.580
63.819	0.564	0.584
63.819	0.563	0.584
63.887	0.564	0.585
63.887	0.566	0.586
63.944	0.568	0.581
63.944	0.567	0.582
64.004	0.567	0.581
64.004	0.567	0.580
64.073	0.571	0.577
64.106	0.568	0.582
64.144	0.567	0.580
64.164	0.568	0.578
64.201	0.567	0.574
64.237	0.568	0.575
64.277	0.567	0.574
64.310	0.569	0.572
64.349	0.569	0.568
64.349	0.585	0.601
64.382	0.571	0.621
64.415	0.570	0.617
64.460	0.576	0.612
64.498	0.578	0.613
64.524	0.576	0.614
64.569	0.576	0.617
64.603	0.579	0.614
64.637	0.577	0.616
64.675	0.619	0.649
64.701	0.618	0.645
64.737	0.625	0.642
64.779	0.621	0.652
64.811	0.621	0.654
64.847	0.626	0.650
64.879	0.624	0.658
64.912	0.626	0.658
64.951	0.626	0.661
64.951	0.627	0.661
65.001	0.627	0.661
65.037	0.628	0.663
65.075	0.627	0.661
65.110	0.626	0.659
65.149	0.625	0.659
65.149	0.625	0.658
65.187	0.625	0.656
65.224	0.624	0.654
65.258	0.623	0.652
65.293	0.620	0.651
65.327	0.619	0.650
65.365	0.618	0.650
65.397	0.619	0.647
65.429	0.620	0.646
65.470	0.619	0.647
65.593	0.624	0.651
65.644	0.624	0.652
65.941	0.622	0.651
65.980	0.622	0.651
65.980	0.621	0.651
66.020	0.620	0.649
66.262	0.591	0.643
66.753	0.601	0.652
66.753	0.603	0.652
66.941	0.601	0.652
66.977	0.600	0.650
66.977	0.600	0.647
67.020	0.598	0.645
67.103	0.595	0.645
67.141	0.593	0.643
67.163	0.593	0.643
67.189	0.589	0.640
67.237	0.585	0.634
67.269	0.584	0.630
67.311	0.584	0.632
67.339	0.583	0.631
67.375	0.583	0.631
67.401	0.583	0.631
67.437	0.582	0.631
67.476	0.630	0.641
67.476	0.626	0.636
67.545	0.626	0.641
67.545	0.628	0.642
67.620	0.631	0.639
67.620	0.629	0.637
67.692	0.626	0.640
67.692	0.628	0.639
67.759	0.629	0.636
67.759	0.630	0.635
67.827	0.633	0.635
67.827	0.631	0.636
67.894	0.632	0.637
67.894	0.633	0.640
67.958	0.639	0.632
67.958	0.641	0.634
68.011	0.639	0.638
68.011	0.639	0.639
68.072	0.642	0.639
68.072	0.642	0.639
68.144	0.640	0.639
68.144	0.639	0.637
68.199	0.639	0.637
68.258	0.639	0.639
68.258	0.638	0.640
68.316	0.637	0.640
68.316	0.637	0.640
68.373	0.635	0.640
68.373	0.635	0.638
68.438	0.630	0.644
68.505	0.640	0.659
68.505	0.636	0.654
68.566	0.638	0.649
68.566	0.639	0.646
68.626	0.642	0.640
68.686	0.641	0.639
68.686	0.640	0.636
70.578	0.619	0.622
70.578	0.620	0.622
70.640	0.616	0.631
70.640	0.615	0.631
70.773	0.613	0.631
70.773	0.613	0.629
70.845	0.613	0.628
70.845	0.614	0.628
70.911	0.607	0.636
70.911	0.605	0.639
70.956	0.605	0.638
71.024	0.603	0.638
71.024	0.602	0.637
71.086	0.602	0.638
71.086	0.602	0.636
71.155	0.604	0.634
71.155	0.604	0.632
71.213	0.603	0.627
71.213	0.602	0.625
71.280	0.601	0.626
71.280	0.602	0.629
71.346	0.602	0.630
71.346	0.602	0.630
71.430	0.605	0.628
71.465	0.607	0.628
73.833	0.611	0.626
73.866	0.608	0.628
73.866	0.608	0.629
73.934	0.607	0.629
73.934	0.607	0.628
73.996	0.608	0.626
74.046	0.607	0.626
74.046	0.606	0.625
74.105	0.607	0.623
74.105	0.609	0.625
74.169	0.608	0.627
74.169	0.607	0.624
74.289	0.607	0.623
74.289	0.606	0.623
74.354	0.606	0.624
74.354	0.605	0.621
74.488	0.603	0.616
74.488	0.601	0.616
74.561	0.605	0.610
74.561	0.605	0.609
74.626	0.604	0.611
74.626	0.603	0.610
105.127	0.266	0.586
105.273	0.324	0.668
105.297	0.306	0.611
105.325	0.316	0.592
105.352	0.320	0.589
105.401	0.327	0.581
105.426	0.332	0.576
105.457	0.336	0.576
105.494	0.338	0.573
105.533	0.339	0.569
105.559	0.341	0.567
105.600	0.343	0.564
105.625	0.347	0.565
105.661	0.349	0.565
105.698	0.349	0.567
105.736	0.350	0.563
105.736	0.347	0.567
105.796	0.348	0.561
105.796	0.348	0.581
105.906	0.347	0.591
105.927	0.346	0.576
105.954	0.344	0.545
105.997	0.349	0.546
106.025	0.348	0.544
106.066	0.348	0.545
106.104	0.348	0.546
106.126	0.346	0.544
106.157	0.347	0.540
106.198	0.348	0.536
106.256	0.347	0.535
106.256	0.352	0.530
106.316	0.352	0.535
106.316	0.355	0.536
106.386	0.348	0.528
106.386	0.347	0.516
106.450	0.343	0.503
106.450	0.344	0.492
106.514	0.351	0.493
106.514	0.352	0.498
106.572	0.346	0.541
106.572	0.339	0.550
106.636	0.327	0.578
106.636	0.322	0.583
106.701	0.322	0.566
106.701	0.323	0.557
106.764	0.341	0.540
106.825	0.353	0.541
106.825	0.354	0.538
106.889	0.345	0.543
106.889	0.343	0.538
106.947	0.334	0.536
106.947	0.335	0.532
107.011	0.342	0.527
107.011	0.346	0.508
107.142	0.358	0.450
107.205	0.351	0.478
107.205	0.350	0.473
123.744	0.302	0.640
123.744	0.303	0.650
123.812	0.316	0.651
123.812	0.317	0.659
123.883	0.318	0.668
123.883	0.316	0.666
125.185	0.321	0.632
125.226	0.321	0.625
125.261	0.322	0.624
125.293	0.323	0.621
125.320	0.322	0.621
125.655	0.321	0.614
125.685	0.320	0.611
125.717	0.321	0.609
125.765	0.321	0.607
125.825	0.320	0.605
125.825	0.323	0.597
125.888	0.324	0.592
125.888	0.333	0.587
125.948	0.628	0.591
126.014	0.628	0.596
126.078	0.614	0.606
126.078	0.612	0.604
126.143	0.607	0.609
126.143	0.606	0.607
126.204	0.608	0.601
126.204	0.615	0.596
126.275	0.625	0.597
126.332	0.984	0.885
126.332	1.099	0.934
127.429	0.515	0.629
127.462	0.520	0.619
127.487	0.525	0.613
127.517	0.526	0.615
127.558	0.528	0.616
127.585	0.533	0.615
127.629	0.533	0.617
127.667	0.535	0.612
127.690	0.536	0.610
127.717	0.539	0.611
127.749	0.545	0.608
127.829	0.559	0.728
128.017	0.795	0.374
128.049	0.680	0.255
128.092	0.604	0.209
128.124	0.600	0.205
128.165	0.612	0.141
128.197	0.655	-0.138
128.233	0.666	-0.444
128.268	0.673	-0.624
128.290	0.690	-0.784
128.318	0.734	-0.882
128.349	0.730	-0.881
128.381	0.728	-0.877
128.417	0.729	-0.874
128.454	0.728	-0.870
128.497	0.726	-0.870
128.528	0.724	-0.869
128.564	0.722	-0.871
128.564	0.722	-0.874
128.828	0.522	0.523
128.865	0.522	0.509
128.907	0.529	0.499
128.934	0.539	0.500
128.958	0.548	0.495
128.985	0.555	0.502
129.030	0.647	0.603
129.057	0.652	0.596
129.083	0.654	0.595
129.117	0.657	0.595
129.152	0.659	0.597
129.183	0.660	0.598
129.219	0.662	0.598
129.251	0.661	0.600
129.281	0.660	0.600
129.322	0.663	0.596
129.354	0.662	0.598
129.395	0.662	0.597
129.428	0.667	0.593
129.460	0.664	0.598
129.487	0.668	0.595
129.517	0.665	0.602
129.549	0.668	0.600
129.596	0.667	0.599
129.633	0.665	0.600
129.665	0.663	0.598
129.698	0.662	0.596
129.730	0.661	0.594
129.762	0.660	0.596
129.804	0.660	0.591
129.827	0.662	0.589
129.853	0.657	0.595
129.881	0.657	0.593
129.917	0.656	0.592
129.950	0.655	0.588
129.986	0.653	0.589
130.021	0.654	0.590
130.055	0.650	0.588
130.086	0.651	0.586
130.121	0.650	0.583
130.152	0.649	0.581
130.189	0.649	0.581
130.225	0.649	0.579
130.262	0.649	0.579
130.319	0.649	0.578
130.319	0.650	0.576
130.373	0.650	0.577
130.373	0.651	0.578
130.441	0.655	0.574
130.441	0.654	0.573
130.497	0.646	0.580
130.532	0.612	0.644
130.557	0.611	0.636
130.581	0.610	0.636
130.642	0.614	0.631
130.642	0.614	0.628
130.697	0.616	0.627
130.697	0.616	0.626
130.761	0.612	0.633
130.799	0.611	0.633
130.824	0.612	0.630
130.851	0.614	0.628
130.897	0.617	0.626
130.923	0.614	0.630
130.950	0.613	0.629
130.981	0.617	0.625
131.017	0.614	0.629
131.062	0.615	0.628
131.090	0.613	0.629
131.117	0.614	0.629
131.154	0.615	0.630
131.186	0.614	0.629
131.225	0.613	0.630
131.252	0.614	0.627
131.281	0.614	0.626
131.317	0.618	0.620
131.354	0.617	0.620
131.392	0.612	0.623
131.425	0.611	0.621
131.458	0.612	0.618
131.497	0.611	0.618
131.536	0.611	0.616
131.572	0.615	0.613
131.609	0.615	0.613
131.646	0.613	0.615
131.646	0.613	0.613
131.679	0.612	0.611
131.721	0.619	0.610
131.761	0.585	0.606
131.790	0.327	0.547
131.836	0.324	0.544
131.860	0.325	0.547
131.893	0.327	0.548
131.992	0.328	0.548
132.017	0.328	0.547
132.049	0.329	0.547
132.090	0.327	0.548
132.124	0.327	0.548
132.156	0.328	0.547
132.252	0.330	0.550
132.283	0.330	0.551
132.361	0.290	0.578
132.394	0.288	0.575
132.429	0.287	0.574
132.836	0.284	0.565
132.874	0.285	0.563
132.905	0.286	0.563
132.929	0.289	0.560
132.955	0.290	0.559
132.981	0.287	0.563
133.013	0.288	0.560
133.051	0.289	0.558
133.089	0.288	0.556
133.131	0.286	0.556
133.166	0.290	0.551
133.204	0.286	0.553
133.228	0.290	0.547
133.254	0.286	0.547
133.281	0.286	0.548
133.323	0.286	0.547
133.357	0.284	0.547
133.389	0.288	0.545
133.415	0.287	0.545
133.451	0.285	0.547
133.484	0.288	0.543
133.518	0.288	0.544
133.549	0.288	0.542
133.581	0.288	0.542
133.616	0.284	0.542
133.655	0.285	0.540
133.692	0.286	0.540
133.732	0.285	0.536
133.768	0.285	0.535
133.792	0.285	0.535
133.814	0.285	0.535
133.849	0.285	0.535
133.888	0.283	0.536
133.919	0.283	0.536
133.960	0.284	0.535
133.990	0.283	0.534
134.033	0.284	0.534
134.068	0.284	0.532
134.091	0.284	0.529
134.118	0.286	0.525
134.149	0.286	0.525
157.935	0.313	0.574
157.935	0.331	0.592
158.002	0.390	0.562
158.002	0.434	0.564
158.064	0.452	0.521
158.064	0.473	0.520
158.125	0.411	0.526
158.254	0.277	0.472
158.254	0.280	0.457
158.328	0.286	0.477
158.328	0.290	0.468
158.376	0.288	0.502
158.376	0.284	0.497
158.717	0.241	0.641
158.752	0.273	0.577
158.797	0.292	0.526
158.832	0.298	0.530
158.856	0.300	0.557
158.883	0.297	0.576
158.926	0.299	0.585
158.953	0.302	0.585
159.005	0.306	0.587
159.041	0.309	0.586
159.073	0.314	0.585
159.105	0.315	0.581
159.147	0.315	0.581
159.147	0.308	0.583
159.182	0.307	0.583
159.216	0.312	0.585
159.253	0.308	0.590
159.285	0.309	0.595
159.319	0.308	0.595
159.355	0.312	0.592
159.394	0.310	0.601
159.432	0.314	0.598
159.541	0.315	0.591
159.588	0.317	0.594
159.628	0.319	0.600
159.660	0.321	0.597
159.705	0.325	0.598
159.741	0.323	0.594
159.741	0.318	0.593
159.781	0.319	0.590
159.812	0.307	0.589
159.853	0.281	0.616
159.893	0.274	0.614
159.932	0.272	0.615
159.958	0.277	0.610
160.022	0.275	0.618
160.022	0.326	0.625
160.093	0.328	0.613
160.093	0.332	0.613
160.150	0.334	0.607
160.150	0.341	0.606
160.202	0.347	0.597
160.202	0.349	0.597
160.263	0.336	0.597
160.263	0.336	0.595
160.326	0.328	0.590
160.389	0.317	0.576
160.389	0.313	0.535
160.456	0.311	0.531
160.456	0.307	0.530
162.373	0.584	0.623
162.373	0.585	0.624
162.418	0.586	0.627
162.456	0.590	0.627
162.491	0.620	0.631
162.531	0.619	0.635
162.564	0.627	0.627
162.601	0.627	0.629
162.637	0.627	0.635
162.660	0.622	0.626
162.913	0.547	0.664
162.948	0.548	0.655
162.982	0.562	0.642
163.053	0.565	0.625
163.089	0.574	0.613
163.126	0.573	0.615
163.161	0.580	0.606
163.200	0.578	0.612
163.238	0.578	0.609
163.260	0.580	0.607
163.287	0.590	0.602
163.338	0.396	0.581
163.373	0.217	0.563
163.405	0.213	0.557
163.442	0.213	0.551
163.477	0.220	0.553
163.477	0.295	0.568
163.514	0.293	0.566
163.547	0.294	0.566
163.590	0.295	0.569
163.625	0.296	0.567
163.664	0.297	0.562
163.700	0.296	0.565
163.722	0.298	0.565
163.749	0.300	0.559
163.805	0.295	0.562
163.851	0.295	0.564
163.851	0.299	0.558
163.885	0.297	0.560
163.923	0.297	0.561
163.962	0.299	0.558
164.000	0.293	0.562
164.023	0.294	0.554
164.051	0.293	0.554
164.105	0.293	0.553
164.148	0.292	0.554
164.148	0.292	0.554
164.184	0.288	0.557
164.211	0.290	0.556
164.246	0.289	0.556
164.284	0.285	0.559
164.328	0.316	0.578
164.348	0.311	0.586
164.405	0.307	0.588
164.441	0.306	0.579
164.476	0.305	0.577
164.476	0.312	0.576
164.508	0.311	0.573
164.550	0.308	0.577
164.586	0.306	0.572
164.616	0.307	0.568
164.656	0.306	0.570
164.692	0.304	0.571
164.730	0.303	0.575
164.770	0.306	0.571
164.793	0.307	0.573
164.820	0.303	0.581
164.860	0.301	0.579
164.923	0.257	0.607
164.952	0.257	0.605
165.005	0.257	0.608
165.048	0.260	0.608
165.048	0.261	0.612
165.085	0.258	0.606
165.120	0.260	0.603
165.156	0.259	0.601
165.192	0.260	0.599
165.231	0.259	0.596
165.272	0.261	0.593
165.296	0.307	0.598
165.322	0.306	0.598
165.349	0.308	0.591
165.405	0.309	0.588
165.444	0.306	0.597
165.444	0.305	0.594
165.483	0.306	0.598
165.520	0.309	0.599
165.564	0.308	0.599
165.598	0.306	0.600
165.632	0.309	0.593
165.669	0.307	0.591
165.703	0.310	0.591
165.703	0.313	0.590
165.778	0.309	0.596
165.778	0.304	0.594
165.846	0.296	0.595
165.846	0.294	0.599
165.916	0.296	0.598
165.916	0.294	0.595
165.971	0.301	0.581
166.005	0.307	0.573
166.048	0.307	0.588
166.048	0.303	0.588
166.088	0.297	0.593
166.130	0.302	0.589
166.162	0.308	0.583
166.200	0.313	0.578
166.222	0.314	0.581
166.249	0.311	0.586
166.297	0.310	0.584
166.322	0.311	0.585
166.369	0.310	0.581
166.405	0.311	0.577
166.441	0.312	0.579
166.441	0.313	0.577
166.485	0.311	0.574
166.527	0.284	0.557
166.548	0.287	0.550
166.605	0.290	0.547
166.645	0.291	0.548
166.645	0.293	0.547
166.684	0.291	0.546
166.715	0.289	0.544
166.749	0.287	0.542
166.791	0.288	0.539
166.828	0.291	0.535
166.864	0.289	0.539
166.900	0.290	0.543
166.938	0.288	0.547
166.961	0.286	0.544
166.987	0.286	0.544
167.038	0.285	0.548
167.069	0.288	0.544
167.106	0.287	0.549
167.137	0.286	0.547
167.176	0.288	0.550
167.176	0.288	0.548
167.210	0.287	0.548
167.252	0.291	0.544
167.294	0.291	0.543
167.334	0.288	0.546
167.358	0.287	0.543
167.385	0.288	0.541
167.437	0.286	0.541
167.469	0.286	0.541
167.507	0.285	0.540
167.542	0.289	0.536
167.542	0.287	0.534
167.580	0.286	0.536
167.620	0.288	0.542
167.672	0.284	0.549
167.705	0.284	0.550
167.742	0.288	0.547
167.774	0.286	0.551
167.806	0.292	0.548
167.840	0.291	0.545
167.880	0.293	0.543
167.880	0.291	0.539
167.917	0.288	0.539
167.953	0.293	0.536
167.993	0.292	0.536
168.058	0.289	0.538
168.058	0.287	0.534
168.122	0.290	0.530
168.122	0.293	0.528
168.190	0.293	0.529
168.190	0.291	0.528
168.260	0.286	0.527
168.260	0.288	0.530
168.260	0.289	0.529
168.325	0.289	0.522
168.391	0.291	0.519
168.391	0.292	0.518
168.429	0.291	0.521
168.467	0.293	0.530
168.490	0.293	0.533
168.536	0.292	0.530
168.559	0.292	0.529
168.587	0.292	0.529
168.637	0.296	0.526
168.670	0.294	0.528
168.711	0.291	0.526
168.744	0.256	0.581
168.891	0.246	0.681
168.918	0.264	0.629
168.951	0.272	0.612
168.989	0.275	0.607
169.022	0.280	0.598
169.055	0.282	0.594
169.095	0.286	0.591
169.121	0.290	0.587
169.148	0.289	0.588
169.205	0.294	0.584
169.243	0.292	0.590
169.274	0.291	0.587
169.305	0.292	0.584
169.342	0.293	0.584
169.378	0.298	0.588
169.378	0.298	0.587
169.443	0.299	0.589
169.443	0.296	0.588
169.480	0.296	0.590
169.519	0.300	0.585
169.557	0.298	0.583
169.593	0.299	0.582
169.625	0.297	0.587
169.666	0.305	0.589
169.704	0.661	0.550
169.734	0.692	0.529
169.759	0.695	0.525
169.805	0.698	0.534
169.840	0.604	0.538
169.965	0.597	0.537
170.034	0.596	0.536
170.099	0.591	0.539
170.164	0.602	0.533
170.236	0.608	0.530
170.315	0.600	0.542
170.380	0.597	0.549
170.455	0.597	0.551
170.486	0.600	0.553
170.582	0.591	0.556
170.624	0.594	0.555
170.685	0.632	0.576
170.823	0.628	0.575
170.856	0.626	0.577
170.919	0.623	0.575
171.043	0.623	0.571
171.074	0.625	0.568
171.157	0.622	0.575
171.226	0.622	0.573
171.286	0.586	0.581
171.355	0.581	0.576
171.418	0.579	0.576
171.488	0.580	0.580
171.556	0.580	0.579
171.607	0.583	0.572
171.676	0.576	0.572
171.755	0.579	0.572
171.791	0.574	0.566
171.855	0.575	0.560
171.928	0.578	0.562
171.991	0.575	0.562
172.073	0.577	0.563
172.157	0.614	0.587
172.261	0.618	0.581
172.324	0.609	0.585
172.365	0.610	0.584
172.430	0.610	0.583
172.495	0.590	0.560
172.592	0.599	0.555
172.652	0.598	0.555
172.694	0.602	0.558
172.714	0.601	0.567
172.783	0.600	0.574
172.858	0.602	0.572
172.929	0.604	0.571
172.990	0.605	0.566
173.056	0.607	0.567
173.130	0.606	0.576
173.193	0.603	0.577
173.259	0.600	0.573
173.317	0.602	0.564
173.338	0.604	0.560
173.401	0.602	0.559
173.401	0.602	0.562
173.401	0.602	0.566
173.437	0.603	0.566
173.469	0.601	0.566
173.503	0.603	0.568
173.503	0.604	0.567
173.575	0.603	0.566
173.575	0.603	0.567
173.639	0.602	0.568
173.639	0.602	0.566
173.697	0.602	0.567
173.755	0.603	0.565
173.755	0.603	0.567
173.825	0.602	0.568
173.825	0.576	0.590
173.889	0.574	0.593
173.889	0.574	0.594
173.949	0.568	0.601
173.949	0.566	0.600
174.004	0.566	0.597
174.004	0.566	0.593
174.062	0.566	0.594
174.062	0.566	0.592
174.128	0.568	0.595
174.189	0.571	0.590
174.189	0.571	0.590
174.254	0.570	0.586
174.254	0.572	0.591
174.254	0.574	0.594
174.332	0.570	0.600
174.332	0.569	0.602
174.388	0.576	0.594
174.448	0.571	0.596
174.448	0.571	0.596
174.518	0.570	0.591
174.518	0.569	0.591
174.589	0.573	0.588
174.589	0.573	0.589
174.649	0.568	0.592
174.649	0.566	0.590
174.707	0.567	0.588
174.707	0.611	0.618
174.762	0.620	0.603
174.784	0.617	0.605
174.832	0.615	0.610
174.858	0.615	0.609
174.886	0.621	0.602
174.935	0.615	0.605
174.969	0.613	0.600
175.003	0.613	0.595
175.033	0.614	0.595
175.070	0.614	0.594
175.101	0.612	0.590
175.133	0.612	0.590
175.169	0.613	0.588
175.207	0.615	0.585
175.242	0.615	0.581
175.275	0.614	0.581
175.308	0.614	0.579
175.308	0.617	0.578
175.350	0.616	0.578
175.388	0.620	0.571
175.430	0.615	0.576
175.456	0.614	0.575
175.484	0.614	0.576
175.533	0.614	0.576
175.569	0.614	0.575
175.602	0.617	0.571
175.643	0.617	0.568
175.643	0.616	0.571
175.685	0.610	0.575
175.727	0.609	0.572
175.767	0.610	0.573
175.790	0.610	0.572
175.817	0.609	0.571
175.869	0.570	0.574
175.904	0.566	0.576
175.904	0.566	0.582
175.957	0.566	0.586
176.022	0.573	0.582
176.022	0.575	0.587
176.087	0.568	0.593
176.087	0.566	0.593
176.154	0.569	0.590
176.154	0.551	0.582
176.406	0.328	0.638
176.484	0.340	0.608
176.484	0.347	0.594
176.550	0.350	0.587
176.550	0.352	0.581
176.613	0.274	0.569
176.613	0.272	0.565
176.670	0.268	0.567
176.670	0.269	0.571
176.725	0.272	0.571
176.725	0.272	0.572
176.797	0.273	0.570
176.797	0.277	0.571
176.862	0.280	0.574
176.862	0.282	0.578
176.930	0.286	0.578
176.930	0.287	0.580
177.000	0.284	0.585
177.000	0.285	0.584
177.062	0.284	0.577
177.062	0.283	0.574
177.127	0.289	0.573
177.186	0.288	0.577
177.186	0.287	0.578
177.245	0.284	0.583
177.245	0.284	0.582
177.304	0.288	0.577
177.304	0.290	0.577
177.370	0.289	0.576
177.370	0.290	0.577
177.437	0.289	0.577
177.437	0.289	0.575
177.490	0.288	0.573
177.490	0.289	0.569
177.568	0.288	0.568
177.608	0.289	0.567
177.640	0.288	0.563
177.674	0.291	0.560
177.674	0.289	0.558
177.711	0.286	0.555
177.745	0.287	0.556
177.783	0.290	0.555
177.816	0.288	0.553
177.849	0.283	0.554
177.888	0.283	0.552
177.922	0.283	0.549
177.949	0.283	0.551
177.985	0.285	0.557
178.019	0.285	0.556
178.056	0.285	0.557
178.095	0.286	0.559
178.127	0.288	0.559
178.164	0.287	0.560
178.205	0.285	0.566
178.242	0.287	0.567
178.242	0.287	0.569
178.278	0.289	0.566
178.312	0.284	0.569
178.347	0.284	0.570
178.373	0.283	0.569
178.412	0.283	0.566
178.450	0.282	0.562
178.487	0.284	0.557
178.517	0.281	0.559
178.554	0.280	0.559
178.589	0.284	0.553
178.618	0.283	0.561
178.654	0.284	0.565
178.691	0.283	0.567
178.721	0.283	0.568
178.756	0.284	0.568
178.787	0.286	0.579
178.822	0.287	0.592
178.859	0.287	0.593
178.899	0.285	0.595
178.931	0.288	0.592
178.956	0.288	0.589
178.983	0.287	0.590
179.027	0.284	0.588
179.068	0.282	0.586
179.101	0.285	0.581
179.133	0.282	0.583
179.178	0.283	0.582
179.178	0.283	0.581
179.216	0.282	0.581
179.254	0.283	0.583
179.295	0.282	0.583
179.333	0.282	0.584
179.374	0.282	0.584
179.374	0.284	0.582
179.411	0.283	0.585
179.447	0.282	0.588
179.483	0.283	0.587
179.516	0.284	0.586
179.551	0.283	0.585
179.583	0.282	0.583
179.622	0.281	0.585
179.660	0.281	0.583
179.694	0.283	0.580
179.734	0.284	0.578
179.758	0.283	0.576
179.785	0.282	0.575
179.812	0.284	0.572
179.865	0.281	0.574
179.902	0.281	0.573
179.935	0.281	0.573
179.970	0.284	0.569
180.012	0.283	0.572
180.012	0.282	0.570
180.052	0.283	0.569
180.080	0.282	0.582
180.133	0.282	0.581
180.165	0.284	0.580
180.205	0.285	0.577
180.238	0.286	0.575
180.278	0.285	0.572
180.278	0.285	0.570
180.316	0.286	0.569
180.351	0.285	0.568
180.383	0.288	0.563
180.423	0.287	0.564
180.461	0.288	0.563
180.495	0.286	0.568
180.526	0.286	0.565
180.552	0.283	0.569
180.580	0.284	0.570
180.633	0.284	0.567
180.665	0.286	0.567
180.734	0.285	0.568
180.801	0.288	0.565
180.873	0.286	0.569
180.903	0.286	0.568
180.993	0.284	0.564
181.061	0.283	0.558
181.132	0.284	0.556
181.186	0.283	0.553
181.264	0.286	0.553
181.304	0.285	0.553
181.333	0.283	0.552
181.365	0.286	0.568
181.365	0.287	0.573
181.403	0.288	0.572
181.403	0.289	0.573
181.470	0.292	0.570
181.470	0.292	0.566
181.534	0.287	0.565
181.534	0.287	0.561
181.600	0.292	0.560
181.600	0.292	0.555
181.669	0.290	0.557
181.669	0.290	0.557
181.729	0.290	0.559
181.786	0.290	0.558
181.786	0.292	0.557
181.858	0.295	0.554
181.858	0.296	0.554
181.918	0.298	0.546
181.918	0.297	0.544
181.984	0.293	0.551
181.984	0.293	0.550
182.049	0.297	0.548
182.049	0.298	0.546
182.111	0.297	0.544
182.111	0.298	0.541
182.167	0.296	0.544
182.167	0.296	0.544
182.233	0.298	0.543
182.233	0.297	0.543
182.289	0.298	0.542
182.347	0.300	0.539
182.347	0.302	0.539
182.415	0.299	0.546
182.415	0.299	0.546
182.472	0.298	0.545
182.472	0.298	0.544
182.541	0.298	0.564
182.541	0.299	0.571
182.602	0.301	0.571
182.602	0.301	0.570
182.667	0.301	0.570
182.667	0.300	0.569
182.735	0.298	0.565
182.769	0.297	0.562
182.804	0.297	0.563
182.804	0.296	0.562
182.846	0.297	0.560
182.885	0.296	0.558
182.927	0.296	0.555
182.967	0.296	0.556
182.990	0.299	0.562
183.013	0.298	0.565
183.065	0.302	0.558
183.101	0.300	0.564
183.140	0.303	0.566
183.140	0.303	0.566
183.182	0.304	0.569
183.218	0.303	0.569
183.260	0.303	0.571
183.298	0.306	0.567
183.321	0.305	0.567
183.348	0.306	0.568
183.397	0.303	0.569
183.433	0.302	0.567
183.474	0.303	0.566
183.474	0.302	0.566
183.511	0.308	0.562
183.554	0.317	0.563
183.593	0.315	0.566
183.627	0.315	0.567
183.660	0.314	0.567
183.699	0.313	0.566
183.721	0.313	0.567
183.748	0.311	0.567
183.797	0.310	0.567
183.838	0.310	0.567
183.876	0.305	0.576
183.876	0.304	0.580
183.909	0.304	0.582
183.954	0.303	0.583
183.988	0.305	0.582
184.023	0.306	0.583
184.061	0.308	0.583
184.095	0.309	0.585
184.121	0.309	0.585
184.149	0.309	0.586
184.197	0.313	0.581
184.197	0.314	0.583
184.262	0.310	0.585
184.262	0.309	0.586
184.325	0.309	0.585
184.385	0.309	0.586
184.385	0.309	0.583
184.458	0.311	0.580
184.458	0.310	0.579
184.458	0.310	0.578
184.529	0.310	0.578
184.529	0.309	0.577
184.602	0.302	0.591
184.643	0.303	0.591
184.675	0.301	0.589
184.708	0.303	0.586
184.737	0.303	0.585
184.757	0.300	0.589
184.800	0.301	0.588
184.833	0.303	0.588
184.908	0.308	0.585
184.974	0.308	0.586
185.065	0.304	0.588
185.096	0.305	0.587
185.157	0.304	0.590
185.218	0.304	0.588
185.281	0.303	0.587
185.352	0.326	0.598
185.414	0.326	0.597
185.482	0.331	0.601
185.547	0.326	0.603
185.610	0.326	0.599
185.679	0.326	0.600
185.743	0.327	0.593
185.775	0.319	0.593
185.842	0.316	0.596
185.911	0.311	0.597
185.984	0.314	0.598
186.048	0.314	0.598
186.119	0.311	0.598
186.197	0.312	0.600
186.231	0.310	0.610
188.200	0.287	0.619
188.273	0.285	0.617
188.353	0.283	0.621
188.414	0.280	0.621
188.446	0.281	0.615
188.501	0.277	0.614
188.565	0.278	0.613
188.636	0.279	0.615
188.712	0.278	0.612
188.777	0.279	0.615
188.840	0.279	0.617
188.877	0.280	0.619
188.898	0.283	0.622
188.965	0.288	0.624
189.032	0.286	0.624
189.068	0.289	0.623
189.147	0.291	0.618
189.208	0.292	0.614
189.273	0.292	0.612
189.348	0.289	0.612
189.414	0.290	0.612
189.476	0.294	0.607
189.539	0.291	0.610
189.569	0.292	0.616
190.988	0.300	0.596
191.257	0.277	0.660
191.364	0.309	0.607
191.519	0.299	0.596
191.588	0.304	0.588
191.683	0.302	0.579
191.729	0.301	0.571
191.729	0.306	0.568
191.762	0.310	0.568
191.790	0.314	0.566
191.823	0.313	0.570
191.858	0.314	0.572
191.893	0.317	0.573
191.933	0.321	0.570
191.955	0.321	0.573
191.990	0.330	0.577
192.023	0.377	0.607
192.057	0.378	0.603
192.095	0.382	0.601
192.128	0.379	0.604
192.165	0.385	0.601
192.194	0.380	0.601
192.221	0.380	0.602
192.249	0.377	0.603
192.297	0.381	0.596
192.336	0.375	0.596
192.380	0.374	0.597
192.380	0.373	0.593
192.416	0.375	0.591
193.210	0.332	0.578
193.210	0.326	0.584
193.249	0.323	0.575
193.289	0.326	0.566
193.497	0.328	0.572
193.497	0.320	0.571
193.554	0.318	0.563
193.624	0.321	0.564
193.624	0.286	0.588
193.689	0.293	0.590
193.689	0.298	0.584
193.753	0.311	0.578
193.753	0.314	0.575
193.824	0.301	0.583
193.824	0.296	0.582
193.893	0.284	0.588
193.893	0.288	0.581
193.893	0.287	0.575
193.961	0.293	0.561
193.961	0.293	0.561
194.025	0.294	0.559
194.072	0.295	0.568
194.072	0.297	0.573
194.145	0.290	0.564
194.145	0.291	0.557
194.212	0.294	0.554
194.212	0.296	0.554
194.272	0.292	0.557
194.293	0.288	0.550
194.314	0.290	0.553
194.361	0.288	0.558
194.401	0.293	0.554
194.434	0.293	0.556
194.473	0.292	0.559
194.497	0.290	0.561
194.529	0.290	0.560
194.566	0.294	0.561
194.604	0.292	0.562
194.636	0.292	0.561
194.661	0.291	0.562
194.697	0.290	0.562
194.739	0.288	0.559
194.776	0.287	0.560
194.776	0.291	0.558
194.815	0.288	0.559
194.850	0.285	0.558
194.891	0.285	0.555
194.931	0.288	0.555
194.965	0.284	0.554
195.000	0.289	0.550
195.042	0.289	0.552
195.188	0.278	0.557
195.222	0.277	0.555
195.260	0.274	0.568
195.297	0.301	0.579
195.371	0.286	0.552
195.389	0.281	0.544
195.417	0.279	0.537
195.466	0.281	0.530
195.497	0.281	0.525
195.540	0.280	0.518
195.578	0.280	0.513
195.578	0.284	0.515
195.624	0.281	0.514
195.667	0.283	0.506
195.697	0.281	0.507
195.734	0.284	0.509
195.761	0.285	0.506
195.797	0.420	0.547
195.833	0.474	0.580
195.861	0.472	0.582
195.901	0.478	0.580
195.937	0.479	0.586
195.937	0.481	0.590
196.004	0.477	0.594
196.004	0.478	0.596
196.045	0.484	0.594
196.080	0.482	0.597
196.120	0.483	0.597
196.165	0.484	0.596
196.206	0.483	0.595
196.234	0.485	0.590
196.272	0.484	0.588
196.293	0.485	0.589
196.320	0.484	0.591
196.372	0.486	0.589
196.394	0.476	0.583
196.429	0.305	0.561
196.463	0.298	0.558
196.499	0.292	0.562
196.529	0.291	0.559
196.565	0.293	0.560
196.593	0.297	0.561
196.631	0.295	0.563
196.670	0.295	0.563
196.704	0.295	0.563
196.729	0.297	0.564
196.769	0.297	0.564
196.793	0.297	0.563
196.829	0.297	0.566
196.872	0.298	0.564
196.893	0.297	0.562
196.931	0.298	0.562
196.970	0.305	0.578
196.994	0.307	0.582
197.034	0.308	0.578
197.061	0.309	0.580
197.098	0.310	0.580
197.134	0.310	0.577
197.173	0.309	0.579
197.206	0.310	0.580
197.206	0.309	0.583
197.243	0.311	0.577
197.284	0.302	0.579
197.326	0.297	0.594
197.398	0.282	0.602
197.420	0.290	0.593
197.472	0.299	0.586
197.494	0.301	0.580
197.529	0.303	0.577
197.569	0.303	0.573
197.593	0.305	0.572
197.631	0.307	0.565
197.631	0.308	0.567
197.690	0.307	0.569
197.754	0.302	0.572
197.754	0.298	0.574
197.826	0.304	0.569
197.826	0.304	0.569
197.886	0.308	0.568
197.886	0.313	0.570
197.915	0.313	0.568
197.955	0.298	0.562
197.996	0.292	0.554
198.021	0.297	0.548
198.048	0.302	0.537
198.094	0.305	0.553
198.129	0.305	0.554
198.168	0.304	0.553
198.193	0.305	0.550
198.236	0.304	0.554
198.268	0.304	0.554
198.298	0.303	0.551
198.329	0.304	0.550
198.361	0.309	0.545
198.400	0.304	0.549
198.429	0.300	0.544
198.461	0.273	0.581
198.571	0.260	0.695
198.609	0.270	0.663
198.609	0.278	0.646
198.644	0.282	0.635
198.679	0.292	0.625
198.729	0.296	0.616
198.767	0.298	0.611
198.805	0.297	0.608
198.841	0.298	0.609
198.841	0.300	0.613
198.884	0.299	0.612
198.926	0.300	0.609
198.953	0.303	0.612
198.981	0.304	0.613
199.029	0.306	0.613
199.069	0.307	0.609
199.100	0.311	0.604
199.129	0.311	0.602
199.163	0.311	0.601
199.201	0.308	0.603
199.236	0.310	0.598
199.261	0.313	0.595
199.301	0.308	0.597
199.334	0.308	0.593
199.378	0.312	0.585
199.378	0.314	0.585
199.415	0.310	0.584
199.448	0.310	0.579
199.487	0.311	0.580
199.514	0.318	0.576
199.554	0.312	0.580
199.593	0.310	0.576
199.626	0.310	0.573
199.661	0.309	0.570
199.702	0.309	0.568
199.736	0.308	0.567
199.736	0.308	0.562
199.810	0.308	0.560
199.810	0.307	0.554
199.890	0.303	0.555
199.890	0.303	0.550
199.890	0.303	0.549
199.960	0.302	0.555
200.023	0.301	0.560
200.023	0.270	0.549
200.087	0.273	0.548
200.087	0.274	0.545
200.135	0.271	0.549
200.170	0.269	0.559
200.170	0.269	0.560
200.234	0.268	0.568
200.234	0.266	0.568
200.295	0.267	0.568
200.295	0.268	0.573
200.355	0.271	0.573
200.415	0.277	0.570
200.415	0.281	0.572
200.478	0.282	0.566
200.478	0.284	0.565
200.544	0.282	0.562
200.544	0.279	0.563
200.612	0.273	0.569
200.612	0.278	0.563
200.667	0.281	0.584
200.667	0.284	0.590
200.733	0.285	0.600
200.733	0.285	0.601
200.811	0.284	0.608
200.811	0.285	0.606
200.869	0.280	0.599
200.911	0.282	0.586
200.911	0.284	0.581
200.947	0.288	0.583
201.064	0.277	0.595
201.101	0.313	0.613
201.126	0.315	0.610
201.152	0.319	0.603
201.203	0.319	0.600
201.225	0.322	0.598
201.261	0.318	0.603
201.305	0.322	0.597
201.338	0.321	0.604
201.361	0.321	0.603
201.397	0.322	0.603
201.431	0.409	0.614
201.466	0.444	0.624
201.493	0.452	0.621
201.529	0.448	0.625
201.562	0.513	0.628
201.629	0.529	0.622
201.629	0.529	0.619
201.693	0.533	0.623
201.747	0.535	0.623
201.747	0.536	0.629
201.818	0.538	0.627
201.818	0.540	0.627
201.888	0.541	0.625
201.888	0.543	0.623
201.947	0.541	0.616
201.947	0.537	0.614
202.018	0.480	0.666
235.254	0.623	0.654
235.288	0.625	0.649
235.328	0.623	0.648
235.353	0.628	0.643
235.381	0.624	0.644
235.417	0.624	0.640
235.449	0.625	0.638
235.492	0.625	0.634
235.532	0.626	0.636
235.555	0.626	0.630
235.583	0.630	0.630
235.617	0.630	0.629
235.655	0.603	0.633
235.694	0.601	0.625
235.720	0.595	0.627
235.749	0.594	0.628
235.787	0.596	0.625
235.824	0.595	0.627
235.849	0.594	0.624
235.886	0.594	0.623
235.927	0.593	0.622
235.953	0.592	0.619
235.981	0.592	0.616
236.022	0.588	0.616
236.060	0.320	0.572
236.089	0.257	0.552
236.118	0.252	0.550
236.149	0.249	0.553
236.194	0.250	0.549
236.220	0.281	0.561
236.249	0.307	0.583
236.283	0.314	0.578
236.322	0.312	0.582
236.362	0.315	0.580
236.386	0.323	0.587
236.417	0.319	0.579
236.462	0.317	0.585
236.487	0.320	0.587
236.517	0.321	0.585
236.560	0.323	0.588
236.587	0.325	0.584
236.623	0.322	0.586
236.652	0.320	0.586
236.690	0.321	0.585
236.728	0.320	0.583
236.770	0.321	0.580
236.810	0.321	0.579
236.810	0.319	0.580
236.854	0.321	0.574
236.891	0.322	0.577
236.923	0.325	0.581
236.963	0.329	0.579
237.004	0.333	0.580
237.004	0.337	0.579
237.045	0.334	0.581
237.086	0.329	0.583
237.119	0.328	0.582
237.160	0.329	0.583
237.196	0.333	0.574
237.227	0.331	0.572
237.266	0.329	0.579
237.300	0.327	0.578
237.324	0.319	0.571
237.351	0.315	0.576
237.399	0.316	0.573
237.422	0.314	0.574
237.449	0.313	0.570
237.481	0.314	0.571
237.521	0.313	0.570
237.561	0.312	0.569
237.601	0.313	0.567
237.637	0.312	0.568
237.673	0.310	0.568
237.708	0.310	0.567
237.708	0.310	0.567
237.741	0.311	0.569
237.779	0.312	0.572
237.814	0.311	0.573
237.854	0.311	0.572
237.893	0.311	0.573
237.920	0.311	0.572
237.952	0.311	0.572
237.990	0.311	0.573
238.027	0.312	0.570
238.067	0.312	0.573
238.098	0.313	0.571
238.130	0.312	0.571
238.156	0.310	0.571
238.183	0.308	0.569
238.217	0.309	0.569
238.256	0.309	0.565
238.293	0.309	0.560
238.321	0.306	0.560
238.360	0.307	0.559
238.397	0.306	0.559
238.433	0.306	0.559
238.457	0.305	0.560
238.483	0.305	0.562
238.531	0.306	0.560
238.554	0.306	0.564
238.581	0.307	0.563
238.621	0.307	0.565
238.661	0.310	0.560
238.690	0.310	0.560
238.729	0.307	0.562
238.765	0.308	0.561
238.805	0.308	0.560
238.836	0.307	0.561
238.871	0.307	0.557
238.871	0.307	0.553
238.906	0.307	0.551
238.949	0.307	0.550
238.982	0.307	0.547
239.021	0.307	0.546
239.060	0.306	0.542
239.100	0.307	0.539
239.100	0.307	0.536
239.152	0.305	0.535
239.152	0.304	0.535
239.224	0.306	0.534
239.224	0.308	0.532
239.292	0.309	0.530
239.348	0.310	0.529
239.348	0.310	0.527
239.404	0.310	0.528
239.404	0.311	0.530
239.458	0.310	0.532
239.458	0.309	0.532
239.525	0.311	0.530
239.525	0.313	0.528
239.587	0.314	0.525
239.647	0.311	0.524
239.647	0.311	0.526
239.706	0.311	0.529
239.706	0.311	0.531
239.763	0.310	0.534
239.803	0.310	0.535
239.832	0.313	0.532
239.864	0.316	0.533
239.903	0.314	0.532
239.939	0.314	0.530
239.939	0.314	0.528
239.979	0.315	0.528
240.015	0.318	0.525
240.046	0.315	0.528
240.087	0.314	0.525
240.113	0.313	0.525
240.149	0.313	0.525
240.190	0.316	0.519
240.213	0.314	0.525
240.253	0.315	0.525
240.290	0.316	0.528
240.328	0.320	0.526
240.360	0.317	0.530
240.398	0.318	0.534
240.418	0.319	0.537
240.449	0.320	0.539
240.492	0.320	0.540
240.526	0.321	0.540
240.562	0.320	0.543
240.603	0.320	0.542
240.629	0.319	0.543
240.663	0.318	0.542
240.700	0.318	0.542
240.728	0.320	0.540
240.765	0.320	0.542
240.798	0.316	0.542
240.821	0.319	0.537
240.849	0.315	0.539
240.887	0.316	0.538
240.918	0.315	0.538
240.956	0.314	0.536
240.990	0.314	0.534
241.013	0.314	0.533
241.049	0.315	0.531
241.090	0.315	0.531
241.129	0.320	0.527
241.161	0.315	0.530
241.197	0.319	0.526
241.220	0.316	0.530
241.249	0.317	0.530
241.290	0.318	0.532
241.354	0.317	0.532
241.354	0.317	0.530
241.413	0.319	0.528
241.413	0.318	0.529
241.483	0.319	0.529
241.483	0.319	0.528
241.533	0.321	0.526
241.533	0.321	0.526
241.605	0.317	0.530
241.605	0.318	0.531
241.669	0.317	0.530
241.669	0.317	0.531
241.735	0.316	0.529
241.735	0.317	0.528
241.794	0.316	0.528
241.849	0.316	0.527
241.849	0.315	0.527
241.912	0.313	0.528
241.912	0.313	0.530
241.969	0.313	0.529
241.969	0.312	0.531
242.034	0.311	0.531
242.034	0.308	0.539
242.100	0.306	0.542
242.100	0.305	0.541
242.158	0.305	0.541
242.158	0.305	0.542
242.225	0.304	0.538
242.269	0.302	0.535
242.269	0.302	0.532
242.331	0.305	0.534
242.331	0.306	0.538
242.396	0.310	0.541
242.396	0.309	0.541
242.457	0.307	0.544
242.518	0.308	0.539
242.518	0.310	0.540
242.573	0.310	0.544
242.573	0.309	0.546
242.637	0.308	0.561
242.637	0.307	0.567
242.701	0.307	0.566
242.701	0.307	0.564
242.762	0.308	0.563
242.762	0.309	0.561
242.828	0.309	0.554
242.882	0.308	0.554
242.882	0.307	0.553
242.921	0.309	0.547
242.949	0.305	0.553
242.990	0.307	0.552
243.029	0.305	0.552
243.062	0.305	0.551
243.085	0.305	0.553
243.134	0.305	0.551
243.156	0.304	0.551
243.182	0.304	0.555
243.213	0.303	0.556
243.245	0.305	0.556
243.281	0.304	0.558
243.316	0.304	0.558
243.352	0.304	0.557
243.393	0.304	0.555
243.416	0.305	0.555
243.445	0.305	0.557
243.486	0.304	0.558
243.526	0.305	0.555
243.551	0.305	0.559
243.581	0.323	0.569
243.626	0.320	0.571
243.659	0.319	0.573
243.683	0.320	0.573
243.713	0.320	0.575
243.754	0.319	0.572
243.795	0.319	0.572
243.817	0.320	0.571
243.845	0.320	0.571
243.890	0.318	0.571
243.921	0.318	0.570
243.953	0.319	0.569
243.987	0.319	0.570
244.025	0.319	0.568
244.057	0.319	0.570
244.095	0.320	0.567
244.113	0.321	0.565
244.145	0.320	0.566
244.181	0.321	0.564
244.222	0.321	0.565
244.254	0.321	0.565
244.292	0.325	0.562
244.317	0.322	0.566
244.345	0.323	0.567
244.381	0.322	0.568
244.421	0.322	0.569
244.462	0.322	0.568
244.500	0.322	0.566
244.516	0.321	0.571
244.545	0.324	0.570
244.589	0.352	0.589
244.631	0.348	0.582
244.671	0.349	0.582
244.671	0.349	0.582
244.712	0.348	0.581
244.752	0.351	0.581
244.792	0.347	0.582
244.816	0.347	0.581
244.867	0.349	0.579
244.888	0.350	0.578
244.913	0.352	0.576
244.947	0.353	0.575
244.990	0.349	0.576
245.028	0.351	0.574
245.063	0.351	0.575
245.099	0.351	0.575
245.119	0.352	0.575
245.146	0.353	0.573
245.181	0.353	0.571
245.224	0.349	0.566
245.260	0.325	0.578
245.395	0.302	0.646
245.482	0.327	0.603
245.513	0.338	0.587
245.549	0.339	0.584
245.582	0.343	0.577
245.624	0.345	0.574
245.659	0.345	0.571
245.699	0.346	0.569
245.729	0.347	0.569
245.753	0.347	0.570
245.781	0.351	0.566
245.822	0.352	0.565
245.860	0.348	0.567
245.898	0.349	0.565
245.931	0.348	0.563
245.953	0.347	0.562
245.981	0.345	0.560
246.024	0.346	0.557
246.058	0.344	0.556
246.094	0.345	0.553
246.123	0.343	0.552
246.162	0.344	0.550
246.198	0.342	0.551
246.219	0.342	0.550
246.246	0.343	0.551
246.281	0.345	0.551
246.322	0.344	0.551
246.363	0.343	0.551
246.396	0.349	0.547
246.417	0.350	0.545
246.477	0.346	0.550
246.477	0.346	0.550
246.543	0.350	0.546
246.543	0.350	0.546
246.592	0.347	0.548
246.653	0.347	0.548
246.653	0.346	0.549
246.712	0.346	0.550
246.712	0.348	0.549
246.777	0.349	0.547
246.777	0.348	0.544
246.834	0.347	0.538
246.834	0.347	0.539
246.894	0.347	0.540
246.894	0.346	0.537
246.961	0.348	0.534
246.961	0.348	0.535
247.019	0.344	0.539
247.084	0.350	0.534
247.084	0.349	0.535
247.155	0.348	0.533
247.155	0.349	0.531
247.215	0.345	0.537
247.215	0.345	0.538
247.280	0.345	0.540
247.280	0.345	0.539
247.335	0.349	0.539
247.335	0.349	0.537
247.399	0.349	0.538
247.399	0.349	0.536
247.467	0.349	0.538
247.467	0.349	0.538
247.529	0.350	0.542
247.529	0.351	0.540
247.597	0.353	0.540
247.597	0.355	0.540
247.663	0.358	0.533
247.663	0.358	0.530
247.730	0.352	0.530
247.730	0.352	0.527
247.801	0.350	0.531
247.801	0.351	0.531
247.858	0.354	0.528
247.917	0.352	0.531
247.917	0.353	0.529
247.984	0.352	0.527
247.984	0.352	0.526
248.055	0.355	0.522
248.055	0.355	0.521
248.102	0.353	0.519
248.102	0.355	0.519
248.163	0.355	0.520
248.163	0.356	0.525
248.225	0.357	0.530
248.225	0.355	0.530
248.292	0.352	0.531
248.355	0.354	0.531
248.355	0.356	0.532
248.410	0.359	0.531
248.410	0.358	0.532
248.473	0.355	0.533
248.473	0.355	0.534
248.543	0.356	0.535
248.543	0.355	0.534
248.602	0.358	0.531
248.602	0.360	0.531
248.665	0.356	0.533
248.665	0.354	0.531
248.737	0.353	0.530
248.737	0.353	0.530
248.802	0.353	0.528
248.802	0.353	0.527
248.856	0.356	0.524
248.897	0.353	0.526
248.918	0.352	0.525
248.945	0.354	0.522
248.991	0.353	0.522
249.016	0.355	0.521
249.045	0.329	0.529
249.084	0.330	0.528
249.113	0.334	0.528
249.151	0.335	0.532
249.188	0.336	0.530
249.214	0.336	0.530
249.248	0.336	0.530
249.281	0.335	0.529
249.317	0.334	0.530
249.348	0.336	0.530
249.379	0.338	0.526
249.413	0.334	0.528
249.450	0.336	0.526
249.485	0.334	0.528
249.520	0.335	0.527
249.557	0.336	0.528
249.583	0.336	0.527
249.613	0.337	0.526
249.656	0.338	0.527
249.690	0.343	0.522
249.728	0.340	0.525
249.754	0.340	0.525
249.780	0.339	0.525
249.813	0.339	0.525
249.858	0.339	0.523
249.893	0.338	0.526
249.934	0.338	0.526
249.972	0.339	0.525
249.972	0.337	0.523
250.015	0.340	0.516
250.041	0.338	0.520
250.084	0.337	0.520
250.119	0.337	0.521
250.156	0.340	0.515
250.196	0.337	0.520
250.218	0.338	0.519
250.244	0.340	0.519
250.290	0.398	0.543
250.317	0.422	0.559
250.345	0.423	0.551
250.377	0.424	0.554
250.413	0.426	0.556
250.451	0.427	0.557
250.485	0.427	0.559
250.517	0.436	0.554
250.547	0.635	0.575
250.577	0.637	0.571
250.613	0.638	0.574
250.645	0.640	0.577
250.679	0.642	0.578
250.718	0.642	0.579
250.752	0.643	0.580
250.780	0.643	0.580
250.813	0.642	0.580
250.848	0.643	0.579
250.886	0.643	0.582
250.923	0.643	0.583
250.955	0.644	0.582
250.986	0.647	0.577
251.023	0.647	0.587
251.045	0.651	0.584
251.078	0.648	0.592
251.113	0.649	0.592
251.153	0.650	0.596
251.187	0.651	0.598
251.218	0.652	0.598
251.253	0.653	0.599
251.288	0.652	0.599
251.329	0.653	0.598
251.362	0.654	0.598
251.384	0.654	0.597
251.411	0.653	0.597
251.479	0.638	0.584
251.522	0.636	0.583
251.554	0.637	0.583
251.587	0.635	0.582
251.615	0.636	0.577
251.650	0.637	0.575
251.682	0.636	0.573
251.713	0.636	0.573
251.746	0.634	0.575
251.777	0.635	0.574
251.810	0.635	0.572
251.853	0.635	0.573
251.890	0.634	0.571
251.916	0.633	0.568
251.945	0.631	0.569
251.989	0.629	0.569
252.037	0.630	0.569
252.037	0.631	0.571
252.100	0.632	0.572
252.100	0.631	0.573
252.157	0.630	0.574
252.177	0.631	0.570
252.222	0.632	0.571
252.249	0.633	0.569
252.277	0.632	0.571
252.320	0.636	0.564
252.355	0.637	0.564
252.389	0.609	0.570
252.424	0.601	0.598
252.445	0.602	0.595
252.477	0.602	0.597
252.518	0.603	0.595
252.556	0.603	0.598
252.590	0.603	0.597
252.616	0.603	0.595
252.645	0.602	0.591
252.678	0.601	0.592
252.719	0.602	0.589
252.752	0.599	0.587
252.791	0.600	0.587
252.825	0.599	0.585
252.855	0.599	0.584
252.894	0.599	0.581
252.926	0.598	0.579
252.960	0.597	0.582
252.984	0.594	0.581
253.010	0.594	0.580
253.045	0.596	0.580
253.077	0.598	0.579
253.116	0.597	0.579
253.147	0.597	0.577
253.181	0.597	0.580
253.220	0.597	0.576
253.245	0.597	0.576
253.283	0.598	0.577
253.317	0.597	0.574
253.350	0.597	0.573
253.386	0.598	0.572
253.423	0.588	0.562
253.456	0.565	0.647
253.577	0.585	0.691
253.645	0.517	0.641
253.685	0.517	0.621
253.685	0.523	0.612
253.750	0.527	0.604
253.750	0.531	0.599
253.816	0.534	0.595
253.816	0.536	0.593
253.879	0.537	0.592
253.879	0.536	0.591
253.942	0.542	0.587
253.942	0.544	0.588
253.999	0.543	0.595
253.999	0.544	0.598
254.062	0.546	0.601
254.062	0.548	0.602
254.129	0.550	0.602
254.129	0.551	0.599
254.197	0.552	0.599
254.197	0.553	0.598
254.261	0.552	0.602
254.294	0.557	0.599
254.314	0.553	0.602
254.362	0.553	0.603
254.385	0.553	0.604
254.412	0.591	0.612
254.445	0.604	0.630
254.487	0.611	0.622
254.522	0.608	0.630
254.554	0.608	0.630
254.586	0.607	0.632
254.628	0.608	0.632
254.660	0.606	0.632
254.681	0.605	0.632
254.709	0.604	0.629
254.745	0.604	0.628
254.784	0.606	0.622
254.823	0.604	0.626
254.858	0.604	0.623
254.883	0.604	0.626
254.909	0.604	0.624
254.947	0.605	0.625
254.985	0.607	0.626
255.017	0.607	0.627
255.049	0.563	0.634
255.077	0.568	0.637
255.117	0.570	0.640
255.153	0.572	0.646
255.191	0.574	0.648
255.231	0.574	0.645
255.267	0.578	0.642
255.287	0.579	0.640
255.313	0.573	0.646
255.345	0.572	0.644
255.385	0.572	0.643
255.427	0.574	0.641
255.462	0.574	0.641
255.483	0.571	0.642
255.510	0.570	0.641
255.541	0.581	0.635
255.616	0.600	0.643
255.652	0.603	0.644
255.690	0.602	0.644
255.728	0.601	0.644
255.765	0.601	0.641
255.801	0.600	0.641
255.820	0.600	0.637
255.847	0.600	0.636
255.877	0.601	0.635
255.913	0.600	0.637
255.952	0.604	0.627
255.984	0.598	0.635
256.021	0.315	0.573
256.054	0.280	0.559
256.091	0.276	0.562
256.127	0.277	0.567
256.162	0.278	0.567
256.196	0.281	0.568
256.219	0.282	0.570
256.246	0.279	0.573
256.314	0.256	0.696
256.469	0.268	0.692
256.541	0.281	0.656
256.541	0.287	0.644
256.577	0.292	0.634
256.615	0.294	0.626
256.655	0.296	0.622
256.688	0.298	0.620
256.723	0.300	0.614
256.769	0.299	0.613
256.769	0.299	0.611
256.836	0.300	0.608
256.869	0.300	0.606
256.869	0.301	0.608
256.912	0.304	0.609
256.953	0.304	0.614
256.991	0.303	0.613
257.027	0.304	0.613
257.058	0.308	0.613
257.089	0.308	0.616
257.152	0.306	0.617
257.152	0.306	0.616
257.213	0.307	0.617
257.213	0.307	0.616
257.283	0.307	0.615
257.283	0.307	0.614
257.311	0.307	0.613
257.353	0.309	0.612
257.389	0.309	0.614
257.421	0.308	0.614
257.458	0.305	0.615
257.489	0.306	0.616
257.527	0.306	0.618
257.564	0.306	0.617
257.598	0.306	0.618
257.628	0.310	0.615
257.667	0.308	0.613
257.701	0.305	0.614
257.727	0.305	0.615
257.766	0.310	0.609
257.800	0.308	0.615
257.839	0.310	0.614
257.839	0.309	0.616
257.875	0.308	0.618
257.914	0.308	0.616
257.954	0.310	0.616
257.992	0.312	0.617
258.016	0.338	0.617
258.066	0.337	0.606
258.089	0.339	0.606
258.111	0.338	0.606
258.141	0.343	0.602
258.182	0.343	0.601
258.225	0.341	0.600
258.263	0.339	0.600
258.294	0.341	0.598
258.326	0.339	0.594
258.357	0.341	0.594
258.414	0.341	0.593
258.414	0.341	0.592
258.452	0.341	0.591
258.486	0.341	0.590
258.525	0.345	0.587
258.549	0.345	0.584
258.586	0.344	0.582
258.620	0.344	0.580
258.657	0.343	0.583
258.683	0.346	0.579
258.732	0.340	0.579
258.755	0.321	0.606
258.941	0.276	0.662
258.981	0.282	0.645
259.016	0.294	0.631
259.051	0.300	0.623
259.089	0.304	0.617
259.123	0.307	0.614
259.161	0.307	0.610
259.195	0.306	0.612
259.218	0.311	0.605
259.245	0.313	0.606
259.277	0.315	0.605
259.309	0.315	0.607
259.354	0.315	0.611
259.393	0.317	0.612
259.425	0.319	0.614
259.460	0.319	0.610
259.499	0.320	0.609
259.531	0.321	0.608
259.570	0.321	0.604
259.570	0.322	0.604
259.608	0.323	0.598
259.644	0.321	0.600
259.681	0.322	0.597
259.712	0.323	0.596
259.745	0.323	0.597
259.782	0.323	0.597
259.819	0.324	0.596
259.860	0.327	0.598
259.898	0.327	0.601
259.936	0.322	0.603
259.966	0.324	0.603
259.993	0.324	0.605
260.017	0.324	0.607
260.043	0.322	0.608
260.107	0.296	0.609
260.107	0.300	0.622
260.162	0.303	0.624
260.162	0.303	0.623
260.221	0.303	0.622
260.283	0.303	0.618
260.283	0.302	0.617
260.356	0.304	0.616
260.356	0.304	0.614
260.418	0.300	0.612
260.418	0.299	0.612
260.491	0.294	0.614
260.491	0.293	0.613
260.546	0.297	0.610
260.546	0.298	0.614
260.613	0.301	0.613
260.613	0.300	0.612
260.681	0.298	0.610
260.681	0.299	0.612
260.746	0.299	0.615
260.746	0.300	0.615
260.812	0.301	0.623
260.812	0.301	0.621
260.875	0.304	0.617
260.875	0.304	0.616
260.933	0.305	0.618
260.933	0.307	0.616
260.984	0.307	0.619
261.041	0.308	0.617
261.041	0.308	0.618
261.104	0.308	0.617
261.104	0.310	0.613
261.168	0.310	0.613
261.168	0.311	0.612
261.233	0.312	0.611
261.233	0.311	0.611
261.296	0.314	0.607
261.296	0.315	0.604
261.357	0.313	0.608
261.419	0.314	0.605
261.419	0.313	0.603
261.484	0.316	0.598
261.484	0.317	0.595
261.544	0.311	0.599
261.544	0.311	0.598
261.610	0.308	0.597
261.610	0.308	0.592
261.671	0.309	0.592
261.671	0.311	0.590
261.723	0.345	0.597
261.723	0.344	0.592
261.797	0.343	0.593
261.829	0.344	0.588
261.852	0.346	0.584
261.880	0.347	0.585
261.925	0.345	0.585
261.951	0.345	0.583
261.978	0.343	0.581
262.009	0.342	0.580
262.050	0.342	0.577
262.087	0.346	0.572
262.114	0.341	0.572
262.152	0.342	0.573
262.187	0.343	0.574
262.229	0.343	0.573
262.260	0.344	0.573
262.300	0.347	0.571
262.339	0.345	0.573
262.339	0.346	0.573
262.374	0.350	0.568
262.410	0.349	0.566
262.442	0.346	0.568
262.491	0.347	0.566
262.547	0.346	0.569
262.547	0.346	0.568
262.602	0.345	0.567
262.602	0.344	0.565
262.660	0.347	0.558
262.660	0.349	0.558
262.726	0.346	0.561
262.786	0.344	0.563
262.786	0.344	0.563
262.848	0.344	0.562
262.848	0.346	0.558
262.916	0.348	0.551
262.916	0.347	0.549
262.983	0.344	0.546
262.983	0.344	0.544
263.052	0.344	0.549
263.052	0.344	0.553
263.052	0.343	0.550
263.127	0.343	0.543
263.163	0.346	0.533
263.200	0.347	0.531
263.223	0.344	0.527
263.246	0.342	0.527
263.295	0.343	0.527
263.318	0.346	0.523
263.345	0.343	0.524
263.373	0.294	0.531
263.409	0.292	0.527
263.441	0.294	0.526
263.479	0.296	0.529
263.516	0.292	0.531
263.549	0.295	0.527
263.587	0.293	0.532
263.616	0.294	0.532
263.651	0.296	0.527
263.685	0.293	0.531
263.726	0.294	0.530
263.761	0.298	0.529
263.799	0.296	0.533
263.837	0.294	0.534
263.837	0.294	0.532
263.914	0.294	0.531
263.914	0.293	0.531
263.984	0.297	0.530
263.984	0.299	0.527
264.053	0.300	0.529
264.053	0.302	0.528
264.116	0.303	0.532
264.116	0.303	0.531
264.171	0.297	0.530
264.171	0.298	0.525
264.230	0.301	0.527
264.230	0.303	0.529
264.286	0.307	0.530
264.351	0.308	0.527
264.351	0.308	0.528
264.413	0.304	0.526
264.413	0.302	0.521
264.478	0.302	0.518
264.478	0.305	0.518
264.540	0.309	0.518
264.540	0.309	0.518
264.605	0.307	0.524
264.605	0.304	0.523
264.662	0.286	0.569
264.662	0.286	0.564
264.727	0.290	0.560
264.727	0.290	0.556
264.791	0.291	0.555
264.851	0.288	0.561
264.851	0.286	0.562
264.914	0.259	0.718
264.914	0.227	1.016
265.101	0.226	0.594
265.170	0.226	0.586
265.406	0.278	0.613
265.406	0.282	0.606
265.462	0.291	0.599
265.462	0.296	0.591
265.528	0.303	0.590
265.562	0.308	0.589
265.582	0.313	0.585
265.629	0.310	0.583
265.654	0.313	0.579
265.680	0.315	0.579
265.741	0.318	0.578
265.741	0.317	0.577
265.773	0.318	0.571
265.841	0.323	0.568
265.939	0.322	0.574
265.999	0.308	0.585
266.070	0.300	0.583
266.090	0.304	0.567
266.147	0.319	0.555
266.214	0.317	0.569
266.289	0.311	0.560
266.356	0.302	0.553
266.420	0.301	0.553
266.496	0.224	0.516
266.585	0.225	0.523
266.653	0.227	0.548
266.722	0.223	0.557
266.776	0.251	0.548
267.069	0.277	0.534
267.099	0.262	0.516
267.209	0.275	0.550
267.261	0.328	0.603
267.341	0.305	0.580
269.247	0.308	0.551
269.273	0.303	0.545
269.305	0.302	0.549
269.305	0.309	0.555
269.374	0.310	0.556
269.374	0.312	0.560
269.418	0.312	0.557
269.514	0.315	0.554
269.537	0.310	0.553
269.583	0.314	0.550
269.624	0.315	0.546
269.723	0.312	0.552
269.762	0.311	0.551
269.785	0.313	0.544
269.812	0.315	0.546
269.873	0.314	0.550
269.873	0.312	0.548
269.916	0.312	0.552
269.944	0.311	0.551
269.984	0.313	0.555
270.018	0.314	0.556
270.093	0.312	0.548
270.117	0.311	0.548
270.143	0.309	0.554
270.173	0.311	0.552
270.211	0.311	0.552
270.245	0.309	0.554
270.281	0.309	0.556
270.316	0.308	0.558
270.349	0.308	0.557
270.390	0.269	0.581
270.422	0.273	0.591
270.448	0.274	0.593
270.474	0.275	0.586
270.505	0.277	0.588
270.628	0.281	0.597
270.671	0.280	0.597
270.671	0.284	0.596
270.708	0.287	0.587
270.743	0.289	0.586
270.776	0.287	0.591
270.812	0.286	0.589
270.848	0.281	0.580
270.882	0.280	0.572
270.916	0.279	0.572
270.949	0.286	0.562
270.985	0.289	0.562
271.093	0.284	0.563
271.128	0.277	0.556
271.170	0.277	0.548
271.197	0.280	0.543
272.373	0.267	0.534
272.373	0.266	0.530
272.415	0.268	0.525
272.453	0.269	0.523
272.487	0.265	0.523
272.525	0.266	0.522
272.557	0.265	0.520
272.592	0.265	0.517
272.618	0.266	0.511
272.644	0.263	0.517
272.669	0.263	0.516
272.712	0.262	0.514
272.879	0.268	0.515
272.933	0.267	0.516
272.933	0.261	0.517
273.000	0.292	0.520
273.000	0.295	0.511
273.186	0.301	0.540
273.208	0.301	0.541
273.269	0.299	0.546
276.625	0.598	0.622
276.660	0.605	0.613
276.711	0.604	0.619
276.769	0.603	0.616
276.801	0.600	0.624
276.801	0.603	0.626
276.839	0.601	0.624
276.876	0.602	0.629
276.913	0.603	0.625
276.948	0.644	0.626
276.982	0.638	0.629
277.017	0.636	0.635
277.052	0.634	0.638
277.109	0.632	0.636
277.109	0.630	0.635
277.173	0.629	0.638
277.173	0.630	0.640
277.243	0.629	0.635
277.243	0.630	0.633
277.300	0.633	0.628
277.300	0.632	0.629
277.362	0.632	0.626
277.362	0.631	0.623
277.419	0.504	0.619
277.484	0.465	0.616
277.484	0.463	0.609
277.554	0.470	0.611
277.554	0.473	0.614
277.615	0.478	0.620
277.615	0.302	0.597
277.681	0.278	0.592
277.681	0.280	0.591
277.743	0.279	0.589
277.743	0.279	0.590
277.807	0.280	0.582
277.807	0.282	0.585
277.875	0.286	0.591
277.875	0.289	0.597
277.954	0.291	0.602
277.954	0.289	0.601
278.021	0.277	0.608
278.021	0.278	0.605
278.081	0.277	0.587
278.081	0.342	0.597
278.134	0.347	0.598
278.134	0.349	0.604
278.196	0.345	0.604
278.196	0.341	0.601
278.265	0.339	0.601
278.265	0.340	0.602
278.323	0.339	0.597
278.366	0.347	0.586
278.399	0.343	0.589
278.421	0.345	0.596
278.447	0.344	0.600
278.495	0.340	0.599
278.518	0.343	0.595
278.545	0.340	0.596
278.604	0.341	0.600
278.604	0.344	0.597
278.895	0.339	0.594
279.412	0.283	0.613
279.652	0.284	0.605
279.693	0.283	0.600
279.725	0.287	0.598
279.758	0.284	0.602
279.784	0.288	0.598
279.816	0.338	0.615
279.926	0.342	0.618
279.968	0.341	0.617
279.992	0.342	0.615
280.017	0.343	0.612
280.044	0.344	0.615
280.172	0.343	0.615
280.172	0.345	0.616
280.211	0.344	0.613
280.244	0.347	0.610
280.301	0.344	0.613
280.401	0.309	0.612
280.437	0.308	0.615
280.469	0.304	0.620
280.501	0.304	0.617
280.537	0.304	0.617
280.601	0.311	0.619
280.677	0.314	0.615
280.742	0.307	0.603
280.810	0.291	0.609
280.883	0.332	0.623
280.943	0.564	0.627
281.050	0.561	0.618
281.122	0.558	0.611
281.183	0.562	0.618
281.215	0.632	0.631
281.308	0.634	0.629
281.377	0.631	0.626
281.448	0.632	0.630
281.508	0.634	0.639
281.577	0.630	0.647
281.617	0.598	0.626
281.712	0.569	0.615
281.769	0.575	0.611
281.901	0.576	0.598
281.976	0.575	0.600
282.037	0.625	0.575
282.276	0.612	0.571
282.356	0.616	0.568
283.024	0.591	0.488
283.151	0.561	0.480
283.295	0.584	0.511
283.356	0.575	0.506
283.423	0.577	0.499
283.492	0.578	0.506
283.566	0.462	0.570
283.649	0.271	0.646
283.733	0.275	0.641
283.792	0.293	0.634
283.858	0.287	0.636
283.922	0.280	0.628
283.984	0.288	0.631
284.067	0.295	0.639
284.136	0.292	0.638
284.196	0.293	0.637
284.271	0.291	0.620
284.345	0.303	0.620
284.409	0.300	0.616
284.471	0.290	0.623
284.539	0.244	0.637
284.628	0.246	0.651
284.705	0.249	0.651
284.838	0.265	0.646
284.909	0.280	0.644
284.976	0.279	0.646
285.050	0.271	0.647
285.115	0.264	0.634
285.188	0.272	0.630
285.253	0.271	0.630
285.284	0.270	0.627
285.401	0.302	0.641
285.468	0.303	0.643
285.537	0.305	0.631
285.601	0.310	0.617
285.669	0.311	0.614
285.701	0.315	0.606
285.768	0.317	0.604
285.842	0.327	0.605
285.917	0.340	0.596
286.029	0.637	0.568
286.112	0.631	0.581
286.173	0.641	0.596
286.241	0.637	0.599
286.316	0.590	0.622
286.375	0.590	0.613
286.437	0.596	0.616
286.519	0.586	0.620
286.560	0.586	0.624
286.601	0.590	0.624
286.633	0.594	0.615
286.701	0.591	0.617
286.772	0.583	0.617
286.837	0.572	0.616
286.913	0.577	0.616
286.973	0.506	0.610
287.037	0.495	0.609
287.101	0.486	0.604
287.133	0.491	0.599
287.201	0.499	0.592
287.272	0.286	0.540
287.336	0.280	0.540
287.401	0.275	0.552
287.468	0.288	0.557
287.535	0.307	0.551
287.610	0.304	0.551
287.670	0.282	0.547
287.744	0.277	0.548
287.804	0.285	0.548
287.882	0.289	0.541
287.942	0.279	0.547
288.006	0.277	0.550
288.085	0.290	0.550
288.148	0.301	0.549
288.208	0.295	0.549
288.352	0.290	0.538
288.428	0.290	0.549
288.507	0.246	0.569
288.572	0.204	0.627
288.679	0.207	0.630
288.742	0.281	0.618
288.799	0.281	0.609
288.869	0.279	0.604
288.936	0.287	0.601
289.013	0.280	0.606
289.493	0.322	0.674
289.757	0.222	0.566
289.826	0.233	0.552
289.901	0.257	0.549
290.004	0.342	0.611
290.079	0.343	0.613
290.153	0.356	0.602
290.253	0.364	0.600
290.325	0.360	0.605
290.358	0.661	0.670
290.470	0.679	0.673
290.604	0.602	0.679
290.742	0.624	0.658
290.807	0.621	0.652
290.874	0.618	0.663
290.942	0.620	0.660
291.025	0.594	0.638
291.106	0.592	0.636
291.166	0.591	0.636
291.259	0.585	0.632
291.329	0.586	0.629
291.408	0.591	0.623
291.477	0.586	0.622
291.516	0.276	0.586
291.621	0.280	0.587
291.695	0.286	0.585
291.768	0.283	0.586
291.835	0.275	0.590
291.906	0.289	0.588
291.975	0.480	0.586
292.035	0.538	0.580
292.148	0.537	0.586
292.222	0.541	0.590
292.293	0.540	0.586
292.366	0.614	0.596
292.406	0.615	0.593
292.433	0.620	0.587
292.516	0.619	0.585
292.537	0.618	0.588
292.597	0.609	0.589
292.675	0.614	0.589
292.746	0.630	0.574
292.824	0.632	0.575
292.903	0.624	0.582
292.966	0.612	0.591
293.022	0.594	0.603
293.092	0.594	0.599
293.158	0.589	0.608
293.233	0.584	0.614
293.318	0.582	0.608
293.380	0.584	0.604
293.447	0.583	0.603
293.489	0.587	0.608
293.533	0.593	0.605
293.565	0.593	0.610
293.602	0.597	0.607
293.602	0.594	0.607
293.635	0.589	0.610
293.635	0.590	0.605
293.678	0.590	0.605
293.722	0.588	0.605
293.780	0.584	0.602
293.780	0.579	0.607
293.858	0.580	0.600
293.858	0.579	0.596
293.890	0.577	0.599
293.930	0.577	0.605
293.960	0.579	0.600
294.000	0.577	0.599
294.020	0.577	0.597
294.047	0.578	0.599
294.097	0.586	0.608
294.135	0.588	0.608
294.170	0.591	0.608
294.205	0.594	0.612
294.205	0.591	0.614
294.247	0.591	0.612
294.280	0.594	0.612
294.322	0.595	0.614
294.348	0.598	0.617
294.397	0.601	0.609
294.429	0.597	0.615
294.466	0.597	0.615
294.497	0.597	0.615
294.538	0.590	0.612
294.573	0.587	0.609
294.597	0.586	0.612
294.629	0.585	0.614
294.665	0.587	0.607
294.703	0.583	0.610
294.703	0.580	0.612
294.745	0.580	0.611
294.789	0.582	0.605
294.821	0.579	0.607
294.861	0.579	0.609
294.899	0.579	0.605
294.920	0.578	0.603
294.946	0.576	0.604
294.997	0.579	0.600
295.034	0.578	0.600
295.065	0.577	0.602
295.104	0.579	0.599
295.104	0.580	0.600
295.144	0.578	0.601
295.183	0.574	0.598
295.223	0.575	0.601
295.259	0.575	0.601
295.297	0.574	0.605
295.318	0.573	0.603
295.345	0.576	0.613
295.397	0.577	0.632
295.434	0.575	0.636
295.465	0.571	0.636
295.501	0.571	0.632
295.529	0.571	0.638
295.565	0.572	0.632
295.608	0.574	0.625
295.608	0.574	0.625
295.649	0.569	0.625
295.683	0.571	0.622
295.720	0.571	0.618
295.748	0.575	0.615
295.797	0.575	0.620
295.829	0.577	0.612
295.829	0.578	0.617
295.884	0.575	0.619
295.950	0.581	0.628
295.950	0.581	0.631
296.015	0.583	0.629
296.015	0.584	0.628
296.086	0.591	0.625
296.086	0.594	0.632
296.152	0.591	0.635
296.152	0.589	0.631
296.210	0.587	0.621
296.210	0.588	0.619
296.267	0.584	0.624
296.267	0.582	0.622
296.324	0.584	0.623
296.385	0.585	0.627
296.385	0.587	0.626
296.385	0.584	0.625
296.457	0.581	0.615
296.488	0.581	0.614
296.528	0.587	0.614
296.547	0.591	0.607
296.596	0.585	0.610
296.620	0.589	0.607
296.659	0.592	0.610
296.694	0.586	0.615
296.718	0.585	0.611
296.745	0.587	0.607
296.797	0.587	0.610
296.834	0.587	0.610
296.870	0.588	0.611
297.126	0.584	0.592
297.499	0.590	0.629
297.499	0.590	0.625
297.543	0.585	0.628
297.852	0.592	0.637
298.352	0.594	0.616
298.384	0.591	0.612
298.423	0.591	0.606
298.463	0.591	0.607
298.770	0.591	0.594
298.770	0.588	0.598
298.833	0.588	0.598
298.833	0.590	0.615
298.901	0.597	0.598
298.901	0.600	0.592
298.965	0.599	0.591
298.965	0.603	0.594
299.023	0.594	0.594
299.023	0.594	0.593
299.085	0.577	0.594
299.150	0.566	0.589
299.150	0.568	0.593
299.221	0.570	0.584
299.221	0.574	0.576
299.270	0.574	0.562
299.270	0.573	0.561
299.306	0.586	0.579
299.404	0.590	0.623
299.525	0.575	0.583
299.564	0.569	0.568
299.587	0.570	0.555
299.614	0.576	0.550
299.641	0.583	0.567
299.697	0.583	0.566
299.729	0.585	0.565
299.763	0.587	0.563
299.797	0.586	0.562
299.833	0.582	0.566
299.868	0.564	0.580
299.929	0.555	0.592
299.961	0.559	0.593
299.997	0.563	0.589
300.035	0.562	0.591
300.061	0.566	0.591
300.097	0.567	0.589
300.134	0.564	0.589
300.162	0.564	0.586
300.197	0.563	0.584
300.197	0.568	0.584
300.254	0.569	0.588
300.254	0.571	0.587
300.329	0.567	0.589
300.329	0.564	0.588
300.393	0.564	0.590
300.393	0.559	0.595
300.451	0.554	0.600
300.510	0.549	0.601
300.510	0.542	0.599
300.575	0.547	0.592
300.575	0.543	0.590
300.631	0.556	0.588
300.631	0.555	0.586
300.700	0.563	0.595
300.700	0.560	0.598
300.756	0.563	0.604
300.756	0.560	0.605
300.822	0.564	0.600
300.878	0.567	0.603
300.878	0.569	0.609
300.934	0.566	0.612
300.934	0.565	0.612
301.002	0.562	0.607
301.002	0.562	0.608
301.078	0.561	0.600
301.078	0.555	0.595
301.139	0.562	0.606
301.139	0.564	0.610
301.206	0.574	0.617
301.206	0.577	0.612
301.264	0.586	0.611
301.264	0.594	0.605
301.322	0.584	0.612
301.322	0.583	0.608
301.382	0.579	0.616
301.445	0.578	0.623
301.445	0.582	0.625
301.507	0.584	0.624
301.507	0.586	0.620
301.570	0.583	0.608
301.570	0.586	0.610
301.626	0.583	0.611
301.626	0.588	0.615
301.763	0.597	0.634
301.763	0.599	0.629
301.828	0.601	0.626
301.828	0.601	0.619
302.526	0.450	0.558
302.526	0.446	0.565
302.599	0.441	0.568
302.630	0.488	0.577
302.678	0.504	0.561
302.729	0.512	0.556
302.771	0.508	0.560
302.771	0.507	0.562
302.805	0.507	0.563
302.842	0.505	0.560
302.872	0.504	0.562
302.914	0.505	0.561
302.946	0.505	0.563
302.979	0.504	0.565
303.017	0.504	0.560
303.056	0.504	0.561
303.088	0.503	0.563
303.119	0.505	0.563
303.156	0.505	0.562
303.195	0.505	0.559
303.219	0.505	0.561
303.245	0.504	0.563
303.293	0.507	0.563
303.329	0.506	0.562
303.365	0.506	0.563
303.400	0.507	0.561
303.435	0.507	0.563
303.435	0.507	0.557
303.471	0.507	0.559
303.512	0.506	0.554
303.548	0.507	0.552
303.579	0.506	0.550
303.613	0.506	0.549
303.653	0.508	0.549
303.699	0.505	0.546
303.699	0.505	0.549
303.774	0.506	0.548
303.774	0.508	0.547
303.835	0.509	0.544
303.835	0.509	0.544
303.901	0.509	0.546
303.901	0.510	0.545
